5.465476e-02 5.775274e+03
5.465790e-02 5.775253e+03
5.465946e-02 5.775233e+03
5.465998e-02 5.775216e+03
5.465543e-02 5.775177e+03
5.466149e-02 5.775164e+03
5.466206e-02 5.775144e+03
5.466655e-02 5.775111e+03
5.466684e-02 5.775086e+03
5.466101e-02 5.775054e+03
5.466262e-02 5.775204e+03
5.466496e-02 5.775175e+03
5.466226e-02 5.775164e+03
5.466622e-02 5.775141e+03
5.466571e-02 5.775135e+03
5.466857e-02 5.775107e+03
5.466059e-02 5.775087e+03
5.467053e-02 5.775070e+03
5.466349e-02 5.775038e+03
5.466330e-02 5.775009e+03
5.466756e-02 5.775037e+03
5.466856e-02 5.775015e+03
5.467001e-02 5.774996e+03
5.467049e-02 5.774975e+03
5.467256e-02 5.774960e+03
5.466706e-02 5.774936e+03
5.467107e-02 5.774917e+03
5.467256e-02 5.774898e+03
5.467100e-02 5.774884e+03
5.467105e-02 5.774839e+03
5.467579e-02 5.775010e+03
5.467203e-02 5.774996e+03
5.467307e-02 5.774997e+03
5.467374e-02 5.774972e+03
5.467308e-02 5.774954e+03
5.467431e-02 5.774943e+03
5.467394e-02 5.774930e+03
5.467896e-02 5.774904e+03
5.467885e-02 5.774896e+03
5.467253e-02 5.774880e+03
5.467802e-02 5.774855e+03
5.467731e-02 5.774932e+03
5.467858e-02 5.774895e+03
5.467479e-02 5.774882e+03
5.467787e-02 5.774869e+03
5.468049e-02 5.774854e+03
5.467669e-02 5.774843e+03
5.467816e-02 5.774821e+03
5.467889e-02 5.774807e+03
5.468033e-02 5.774786e+03
5.467540e-02 5.774841e+03
5.468090e-02 5.774835e+03
5.467943e-02 5.774826e+03
5.468256e-02 5.774809e+03
5.468255e-02 5.774790e+03
5.468156e-02 5.774774e+03
5.468233e-02 5.774763e+03
5.468413e-02 5.774745e+03
5.468077e-02 5.774732e+03
5.468291e-02 5.774717e+03
5.468230e-02 5.774809e+03
5.468494e-02 5.774803e+03
5.468558e-02 5.774789e+03
5.468509e-02 5.774778e+03
5.468345e-02 5.774763e+03
5.468528e-02 5.774735e+03
5.468385e-02 5.774737e+03
5.468614e-02 5.774712e+03
5.468489e-02 5.774697e+03
5.468714e-02 5.774680e+03
5.468594e-02 5.774733e+03
5.468582e-02 5.774723e+03
5.468572e-02 5.774710e+03
5.468667e-02 5.774701e+03
5.468945e-02 5.774693e+03
5.468685e-02 5.774677e+03
5.468676e-02 5.774668e+03
5.468731e-02 5.774656e+03
5.468983e-02 5.774640e+03
5.468677e-02 5.774619e+03
5.468028e-02 5.774737e+03
5.468490e-02 5.774712e+03
5.468375e-02 5.774700e+03
5.468435e-02 5.774689e+03
5.468778e-02 5.774679e+03
5.468972e-02 5.774663e+03
5.468781e-02 5.774647e+03
5.468757e-02 5.774628e+03
5.468973e-02 5.774613e+03
5.469043e-02 5.774598e+03
5.469199e-02 5.774660e+03
5.468870e-02 5.774717e+03
5.469072e-02 5.774707e+03
5.469127e-02 5.774694e+03
5.469256e-02 5.774663e+03
5.469181e-02 5.774657e+03
5.469222e-02 5.774637e+03
5.469217e-02 5.774614e+03
5.469466e-02 5.774600e+03
5.469231e-02 5.774582e+03
5.469367e-02 5.774632e+03
5.469254e-02 5.774611e+03
5.469207e-02 5.774611e+03
5.469497e-02 5.774608e+03
5.469305e-02 5.774609e+03
5.469472e-02 5.774592e+03
5.469708e-02 5.774585e+03
5.469564e-02 5.774571e+03
5.469513e-02 5.774569e+03
5.469216e-02 5.774543e+03
5.469565e-02 5.774677e+03
5.469581e-02 5.774670e+03
5.469629e-02 5.774661e+03
5.469609e-02 5.774660e+03
5.469619e-02 5.774651e+03
5.469659e-02 5.774648e+03
5.469638e-02 5.774638e+03
5.469660e-02 5.774626e+03
5.469617e-02 5.774622e+03
5.469404e-02 5.774609e+03
5.469989e-02 5.774607e+03
5.469510e-02 5.774621e+03
5.469815e-02 5.774610e+03
5.469583e-02 5.774610e+03
5.469928e-02 5.774606e+03
5.469756e-02 5.774594e+03
5.469673e-02 5.774588e+03
5.469750e-02 5.774577e+03
5.469697e-02 5.774571e+03
5.469995e-02 5.774563e+03
5.469909e-02 5.774607e+03
5.469875e-02 5.774603e+03
5.470172e-02 5.774604e+03
5.469942e-02 5.774595e+03
5.469848e-02 5.774591e+03
5.469840e-02 5.774583e+03
5.469749e-02 5.774572e+03
5.469784e-02 5.774572e+03
5.469877e-02 5.774559e+03
5.469904e-02 5.774552e+03
5.470024e-02 5.774583e+03
5.470127e-02 5.774587e+03
5.470038e-02 5.774584e+03
5.470112e-02 5.774589e+03
5.470179e-02 5.774586e+03
5.470009e-02 5.774582e+03
5.469963e-02 5.774576e+03
5.469855e-02 5.774572e+03
5.470000e-02 5.774561e+03
5.469760e-02 5.774555e+03
5.470146e-02 5.774518e+03
5.470140e-02 5.774523e+03
5.470018e-02 5.774531e+03
5.470250e-02 5.774525e+03
5.470044e-02 5.774529e+03
5.470103e-02 5.774528e+03
5.470268e-02 5.774514e+03
5.470041e-02 5.774509e+03
5.470014e-02 5.774502e+03
5.470185e-02 5.774497e+03
5.470097e-02 5.774494e+03
5.470005e-02 5.774484e+03
5.469983e-02 5.774477e+03
5.469957e-02 5.774469e+03
5.470108e-02 5.774465e+03
5.470035e-02 5.774450e+03
5.470117e-02 5.774433e+03
5.470165e-02 5.774425e+03
5.470102e-02 5.774408e+03
5.470111e-02 5.774399e+03
5.470027e-02 5.774473e+03
5.470111e-02 5.774466e+03
5.469967e-02 5.774462e+03
5.470017e-02 5.774454e+03
5.470232e-02 5.774458e+03
5.470149e-02 5.774450e+03
5.470077e-02 5.774441e+03
5.470092e-02 5.774433e+03
5.470060e-02 5.774423e+03
5.470077e-02 5.774414e+03
5.470128e-02 5.774420e+03
5.470093e-02 5.774420e+03
5.470140e-02 5.774421e+03
5.470021e-02 5.774406e+03
5.470079e-02 5.774407e+03
5.470094e-02 5.774396e+03
5.470064e-02 5.774398e+03
5.470169e-02 5.774390e+03
5.470098e-02 5.774391e+03
5.470048e-02 5.774372e+03
5.470111e-02 5.774342e+03
5.470094e-02 5.774347e+03
5.470376e-02 5.774339e+03
5.470219e-02 5.774342e+03
5.470077e-02 5.774340e+03
5.470003e-02 5.774345e+03
5.470089e-02 5.774346e+03
5.470128e-02 5.774347e+03
5.469903e-02 5.774336e+03
5.470204e-02 5.774342e+03
5.470202e-02 5.774336e+03
5.470189e-02 5.774343e+03
5.470154e-02 5.774343e+03
5.469898e-02 5.774336e+03
5.469971e-02 5.774335e+03
5.470097e-02 5.774333e+03
5.470045e-02 5.774331e+03
5.469839e-02 5.774327e+03
5.469995e-02 5.774317e+03
5.470034e-02 5.774313e+03
5.469919e-02 5.774262e+03
5.469903e-02 5.774272e+03
5.469945e-02 5.774269e+03
5.469780e-02 5.774281e+03
5.470036e-02 5.774275e+03
5.469837e-02 5.774281e+03
5.470018e-02 5.774280e+03
5.469786e-02 5.774284e+03
5.469884e-02 5.774282e+03
5.469948e-02 5.774279e+03
5.469800e-02 5.774193e+03
5.469834e-02 5.774199e+03
5.469651e-02 5.774208e+03
5.469787e-02 5.774210e+03
5.469870e-02 5.774212e+03
5.469829e-02 5.774211e+03
5.469897e-02 5.774220e+03
5.469615e-02 5.774220e+03
5.469638e-02 5.774220e+03
5.469644e-02 5.774222e+03
5.469666e-02 5.774123e+03
5.469886e-02 5.774124e+03
5.469426e-02 5.774121e+03
5.469850e-02 5.774129e+03
5.469801e-02 5.774126e+03
5.469697e-02 5.774132e+03
5.469579e-02 5.774123e+03
5.469627e-02 5.774122e+03
5.469402e-02 5.774119e+03
5.469843e-02 5.774109e+03
5.469552e-02 5.774135e+03
5.469542e-02 5.774134e+03
5.469666e-02 5.774125e+03
5.469599e-02 5.774123e+03
5.469432e-02 5.774136e+03
5.469425e-02 5.774133e+03
5.469571e-02 5.774137e+03
5.469532e-02 5.774137e+03
5.469408e-02 5.774133e+03
5.469403e-02 5.774131e+03
5.469321e-02 5.773978e+03
5.469466e-02 5.773988e+03
5.469273e-02 5.774000e+03
5.469461e-02 5.774011e+03
5.469496e-02 5.774017e+03
5.469216e-02 5.774027e+03
5.469546e-02 5.774027e+03
5.469228e-02 5.774033e+03
5.469497e-02 5.774046e+03
5.469585e-02 5.774039e+03
5.469258e-02 5.773947e+03
5.469477e-02 5.773948e+03
5.469391e-02 5.773958e+03
5.469110e-02 5.773968e+03
5.469138e-02 5.773970e+03
5.469169e-02 5.773964e+03
5.469067e-02 5.773984e+03
5.469172e-02 5.773977e+03
5.469188e-02 5.773984e+03
5.469163e-02 5.773978e+03
5.468930e-02 5.773797e+03
5.468794e-02 5.773817e+03
5.469151e-02 5.773825e+03
5.469113e-02 5.773826e+03
5.468839e-02 5.773836e+03
5.468861e-02 5.773842e+03
5.468803e-02 5.773845e+03
5.468964e-02 5.773850e+03
5.468930e-02 5.773850e+03
5.468942e-02 5.773860e+03
5.468792e-02 5.773801e+03
5.468553e-02 5.773813e+03
5.468862e-02 5.773823e+03
5.468846e-02 5.773828e+03
5.468507e-02 5.773836e+03
5.468568e-02 5.773839e+03
5.468739e-02 5.773841e+03
5.468363e-02 5.773848e+03
5.468678e-02 5.773842e+03
5.468704e-02 5.773846e+03
5.468694e-02 5.773699e+03
5.468726e-02 5.773712e+03
5.468869e-02 5.773717e+03
5.468597e-02 5.773739e+03
5.468548e-02 5.773732e+03
5.468295e-02 5.773743e+03
5.468486e-02 5.773743e+03
5.468373e-02 5.773748e+03
5.468427e-02 5.773755e+03
5.468647e-02 5.773755e+03
5.468336e-02 5.773634e+03
5.468521e-02 5.773638e+03
5.468170e-02 5.773641e+03
5.469031e-02 5.773662e+03
5.468343e-02 5.773662e+03
5.468057e-02 5.773680e+03
5.468497e-02 5.773686e+03
5.468046e-02 5.773686e+03
5.471143e-02 5.773718e+03
5.468610e-02 5.773713e+03
5.468480e-02 5.773555e+03
5.468151e-02 5.773569e+03
5.468441e-02 5.773578e+03
5.467854e-02 5.773581e+03
5.467780e-02 5.773600e+03
5.467742e-02 5.773604e+03
5.467695e-02 5.773606e+03
5.467648e-02 5.773624e+03
5.467625e-02 5.773623e+03
5.467699e-02 5.773628e+03
5.467575e-02 5.773517e+03
5.467662e-02 5.773545e+03
5.467562e-02 5.773551e+03
5.467554e-02 5.773560e+03
5.467389e-02 5.773576e+03
5.467417e-02 5.773579e+03
5.467390e-02 5.773595e+03
5.467435e-02 5.773594e+03
5.467169e-02 5.773614e+03
5.467111e-02 5.773614e+03
5.467129e-02 5.773462e+03
5.467163e-02 5.773483e+03
5.467533e-02 5.773492e+03
5.467039e-02 5.773506e+03
5.467317e-02 5.773525e+03
5.467278e-02 5.773531e+03
5.467332e-02 5.773543e+03
5.467181e-02 5.773555e+03
5.466979e-02 5.773561e+03
5.467038e-02 5.773577e+03
5.466876e-02 5.773407e+03
5.467403e-02 5.773369e+03
5.467028e-02 5.773376e+03
5.467304e-02 5.773385e+03
5.467135e-02 5.773400e+03
5.466474e-02 5.773404e+03
5.466653e-02 5.773414e+03
5.466775e-02 5.773419e+03
5.466808e-02 5.773436e+03
5.466945e-02 5.773443e+03
5.468252e-02 5.773291e+03
5.468148e-02 5.773309e+03
5.467808e-02 5.773329e+03
5.467393e-02 5.773353e+03
5.466686e-02 5.773370e+03
5.466490e-02 5.773378e+03
5.466271e-02 5.773397e+03
5.466580e-02 5.773421e+03
5.466882e-02 5.773442e+03
5.466120e-02 5.773450e+03
5.467689e-02 5.773312e+03
5.467547e-02 5.773324e+03
5.466694e-02 5.773349e+03
5.466303e-02 5.773362e+03
5.466039e-02 5.773387e+03
5.465981e-02 5.773404e+03
5.465836e-02 5.773428e+03
5.465975e-02 5.773438e+03
5.466117e-02 5.773452e+03
5.466314e-02 5.773475e+03
5.467486e-02 5.773277e+03
5.468602e-02 5.773319e+03
5.467175e-02 5.773319e+03
5.467296e-02 5.773343e+03
5.466239e-02 5.773369e+03
5.465817e-02 5.773388e+03
5.465432e-02 5.773404e+03
5.465765e-02 5.773430e+03
5.466212e-02 5.773454e+03
5.464958e-02 5.773475e+03
5.467437e-02 5.773269e+03
5.466780e-02 5.773297e+03
5.466974e-02 5.773316e+03
5.466262e-02 5.773335e+03
5.465900e-02 5.773359e+03
5.465800e-02 5.773370e+03
5.465675e-02 5.773384e+03
5.465134e-02 5.773405e+03
5.465227e-02 5.773429e+03
5.464940e-02 5.773451e+03
5.464784e-02 5.773414e+03
5.465819e-02 5.773303e+03
5.465735e-02 5.773334e+03
5.465369e-02 5.773358e+03
5.464891e-02 5.773379e+03
5.464477e-02 5.773401e+03
5.464568e-02 5.773427e+03
5.464677e-02 5.773454e+03
5.464486e-02 5.773471e+03
5.464178e-02 5.773493e+03
