5.465081e-02 5.775148e+03
5.464906e-02 5.775116e+03
5.465293e-02 5.775094e+03
5.465064e-02 5.775065e+03
5.464970e-02 5.775034e+03
5.465311e-02 5.775010e+03
5.465005e-02 5.774986e+03
5.465247e-02 5.774965e+03
5.464951e-02 5.774924e+03
5.465664e-02 5.774899e+03
5.465415e-02 5.775020e+03
5.465565e-02 5.775002e+03
5.465848e-02 5.774984e+03
5.465729e-02 5.774960e+03
5.465370e-02 5.774941e+03
5.465804e-02 5.774916e+03
5.465856e-02 5.774894e+03
5.465861e-02 5.774872e+03
5.466095e-02 5.774865e+03
5.465729e-02 5.774826e+03
5.465695e-02 5.774956e+03
5.465869e-02 5.774938e+03
5.465904e-02 5.774935e+03
5.465909e-02 5.774882e+03
5.465554e-02 5.774889e+03
5.465924e-02 5.774875e+03
5.465800e-02 5.774869e+03
5.465963e-02 5.774850e+03
5.465914e-02 5.774820e+03
5.466101e-02 5.774806e+03
5.466001e-02 5.774890e+03
5.466236e-02 5.774869e+03
5.466241e-02 5.774852e+03
5.465999e-02 5.774823e+03
5.466910e-02 5.774805e+03
5.466381e-02 5.774781e+03
5.466321e-02 5.774765e+03
5.466966e-02 5.774739e+03
5.466459e-02 5.774708e+03
5.466324e-02 5.774690e+03
5.466976e-02 5.774646e+03
5.466978e-02 5.774719e+03
5.466575e-02 5.774717e+03
5.466746e-02 5.774694e+03
5.466974e-02 5.774661e+03
5.467126e-02 5.774647e+03
5.467056e-02 5.774640e+03
5.467168e-02 5.774620e+03
5.466821e-02 5.774592e+03
5.466684e-02 5.774583e+03
5.466953e-02 5.774685e+03
5.466699e-02 5.774677e+03
5.466995e-02 5.774660e+03
5.466699e-02 5.774655e+03
5.466761e-02 5.774642e+03
5.466742e-02 5.774628e+03
5.466340e-02 5.774604e+03
5.467227e-02 5.774576e+03
5.467416e-02 5.774553e+03
5.466700e-02 5.774530e+03
5.466873e-02 5.774630e+03
5.467749e-02 5.774633e+03
5.467452e-02 5.774619e+03
5.467304e-02 5.774615e+03
5.467530e-02 5.774601e+03
5.467262e-02 5.774594e+03
5.467592e-02 5.774582e+03
5.467378e-02 5.774575e+03
5.467291e-02 5.774572e+03
5.467455e-02 5.774547e+03
5.467557e-02 5.774668e+03
5.467625e-02 5.774661e+03
5.467748e-02 5.774653e+03
5.467611e-02 5.774638e+03
5.467979e-02 5.774629e+03
5.467707e-02 5.774617e+03
5.467924e-02 5.774606e+03
5.467909e-02 5.774581e+03
5.467870e-02 5.774573e+03
5.467861e-02 5.774552e+03
5.467789e-02 5.774529e+03
5.468012e-02 5.774533e+03
5.468130e-02 5.774560e+03
5.467873e-02 5.774536e+03
5.468286e-02 5.774544e+03
5.468274e-02 5.774544e+03
5.468002e-02 5.774547e+03
5.468262e-02 5.774545e+03
5.468138e-02 5.774538e+03
5.467914e-02 5.774536e+03
5.468312e-02 5.774505e+03
5.468126e-02 5.774531e+03
5.468216e-02 5.774521e+03
5.468468e-02 5.774510e+03
5.468252e-02 5.774499e+03
5.468312e-02 5.774513e+03
5.468313e-02 5.774481e+03
5.468335e-02 5.774467e+03
5.468408e-02 5.774446e+03
5.468255e-02 5.774435e+03
5.468244e-02 5.774543e+03
5.468389e-02 5.774540e+03
5.468490e-02 5.774541e+03
5.468391e-02 5.774535e+03
5.468591e-02 5.774525e+03
5.468602e-02 5.774525e+03
5.468299e-02 5.774510e+03
5.468620e-02 5.774505e+03
5.468588e-02 5.774493e+03
5.468457e-02 5.774482e+03
5.468560e-02 5.774465e+03
5.468389e-02 5.774464e+03
5.468442e-02 5.774456e+03
5.468728e-02 5.774450e+03
5.468527e-02 5.774445e+03
5.468630e-02 5.774431e+03
5.468599e-02 5.774420e+03
5.468473e-02 5.774413e+03
5.468727e-02 5.774393e+03
5.468637e-02 5.774389e+03
5.468900e-02 5.774505e+03
5.469018e-02 5.774489e+03
5.468938e-02 5.774488e+03
5.468707e-02 5.774485e+03
5.468617e-02 5.774476e+03
5.468857e-02 5.774472e+03
5.468883e-02 5.774466e+03
5.468988e-02 5.774461e+03
5.469059e-02 5.774448e+03
5.468775e-02 5.774440e+03
5.468839e-02 5.774503e+03
5.468904e-02 5.774495e+03
5.468821e-02 5.774493e+03
5.468785e-02 5.774482e+03
5.468761e-02 5.774479e+03
5.469054e-02 5.774472e+03
5.468741e-02 5.774462e+03
5.468859e-02 5.774444e+03
5.469020e-02 5.774439e+03
5.468817e-02 5.774425e+03
5.468817e-02 5.774387e+03
5.468791e-02 5.774426e+03
5.468722e-02 5.774426e+03
5.469012e-02 5.774404e+03
5.468812e-02 5.774403e+03
5.469199e-02 5.774390e+03
5.468772e-02 5.774380e+03
5.469030e-02 5.774366e+03
5.468822e-02 5.774358e+03
5.468878e-02 5.774343e+03
5.468826e-02 5.774395e+03
5.469163e-02 5.774391e+03
5.469078e-02 5.774384e+03
5.468846e-02 5.774379e+03
5.469118e-02 5.774366e+03
5.468878e-02 5.774359e+03
5.469141e-02 5.774352e+03
5.469169e-02 5.774336e+03
5.469003e-02 5.774332e+03
5.468936e-02 5.774318e+03
5.469194e-02 5.774368e+03
5.469034e-02 5.774365e+03
5.468971e-02 5.774360e+03
5.469130e-02 5.774354e+03
5.469101e-02 5.774354e+03
5.469202e-02 5.774352e+03
5.468930e-02 5.774346e+03
5.469053e-02 5.774332e+03
5.468973e-02 5.774327e+03
5.469086e-02 5.774320e+03
5.469193e-02 5.774321e+03
5.468922e-02 5.774312e+03
5.469063e-02 5.774320e+03
5.469062e-02 5.774324e+03
5.468836e-02 5.774320e+03
5.468983e-02 5.774319e+03
5.469071e-02 5.774317e+03
5.469116e-02 5.774294e+03
5.469027e-02 5.774306e+03
5.468975e-02 5.774294e+03
5.469144e-02 5.774264e+03
5.469077e-02 5.774261e+03
5.469036e-02 5.774264e+03
5.468961e-02 5.774271e+03
5.468917e-02 5.774256e+03
5.469025e-02 5.774257e+03
5.469167e-02 5.774248e+03
5.469023e-02 5.774245e+03
5.468914e-02 5.774236e+03
5.469193e-02 5.774229e+03
5.468940e-02 5.774238e+03
5.469173e-02 5.774230e+03
5.468949e-02 5.774243e+03
5.468875e-02 5.774236e+03
5.468811e-02 5.774241e+03
5.469129e-02 5.774246e+03
5.469054e-02 5.774237e+03
5.469019e-02 5.774239e+03
5.468930e-02 5.774237e+03
5.468866e-02 5.774236e+03
5.469105e-02 5.774161e+03
5.469026e-02 5.774173e+03
5.468961e-02 5.774172e+03
5.469178e-02 5.774185e+03
5.468987e-02 5.774180e+03
5.469033e-02 5.774181e+03
5.469114e-02 5.774186e+03
5.468847e-02 5.774178e+03
5.468875e-02 5.774179e+03
5.468863e-02 5.774180e+03
5.469067e-02 5.774085e+03
5.468738e-02 5.774088e+03
5.468733e-02 5.774102e+03
5.468904e-02 5.774113e+03
5.468619e-02 5.774121e+03
5.468871e-02 5.774131e+03
5.469106e-02 5.774129e+03
5.468874e-02 5.774135e+03
5.468962e-02 5.774139e+03
5.469261e-02 5.774148e+03
5.468788e-02 5.774082e+03
5.468800e-02 5.774084e+03
5.468802e-02 5.774084e+03
5.468671e-02 5.774085e+03
5.468671e-02 5.774085e+03
5.468835e-02 5.774084e+03
5.468697e-02 5.774069e+03
5.468979e-02 5.774074e+03
5.468605e-02 5.774067e+03
5.468699e-02 5.774066e+03
5.468556e-02 5.774033e+03
5.468525e-02 5.774041e+03
5.468736e-02 5.774043e+03
5.468679e-02 5.774041e+03
5.468368e-02 5.774039e+03
5.468498e-02 5.774038e+03
5.468412e-02 5.774040e+03
5.468431e-02 5.774033e+03
5.468483e-02 5.774026e+03
5.468531e-02 5.774028e+03
5.468716e-02 5.774019e+03
5.468644e-02 5.773979e+03
5.468679e-02 5.773992e+03
5.468555e-02 5.773998e+03
5.468815e-02 5.774009e+03
5.468541e-02 5.774013e+03
5.468751e-02 5.774030e+03
5.468872e-02 5.774033e+03
5.468709e-02 5.774046e+03
5.468722e-02 5.774050e+03
5.468887e-02 5.773900e+03
5.468329e-02 5.773899e+03
5.468618e-02 5.773914e+03
5.468490e-02 5.773916e+03
5.468746e-02 5.773926e+03
5.468227e-02 5.773927e+03
5.468278e-02 5.773928e+03
5.468562e-02 5.773934e+03
5.468205e-02 5.773940e+03
5.468449e-02 5.773943e+03
5.468421e-02 5.773758e+03
5.467826e-02 5.773762e+03
5.468366e-02 5.773772e+03
5.467963e-02 5.773785e+03
5.467939e-02 5.773788e+03
5.468101e-02 5.773795e+03
5.468360e-02 5.773803e+03
5.468202e-02 5.773813e+03
5.468320e-02 5.773820e+03
5.468151e-02 5.773819e+03
5.468717e-02 5.773745e+03
5.468065e-02 5.773746e+03
5.468199e-02 5.773764e+03
5.468117e-02 5.773767e+03
5.467868e-02 5.773770e+03
5.468216e-02 5.773777e+03
5.468024e-02 5.773775e+03
5.467712e-02 5.773785e+03
5.467770e-02 5.773784e+03
5.467948e-02 5.773787e+03
5.468083e-02 5.773593e+03
5.467622e-02 5.773600e+03
5.467594e-02 5.773630e+03
5.467791e-02 5.773636e+03
5.467820e-02 5.773646e+03
5.467787e-02 5.773659e+03
5.467598e-02 5.773678e+03
5.467667e-02 5.773682e+03
5.467684e-02 5.773699e+03
5.468101e-02 5.773740e+03
5.467642e-02 5.773609e+03
5.467785e-02 5.773547e+03
5.467751e-02 5.773566e+03
5.467484e-02 5.773583e+03
5.467635e-02 5.773594e+03
5.467649e-02 5.773611e+03
5.467457e-02 5.773624e+03
5.467523e-02 5.773645e+03
5.467594e-02 5.773645e+03
5.467670e-02 5.773656e+03
5.467452e-02 5.773493e+03
5.467242e-02 5.773509e+03
5.467379e-02 5.773517e+03
5.467164e-02 5.773527e+03
5.467477e-02 5.773545e+03
5.467236e-02 5.773556e+03
5.467094e-02 5.773560e+03
5.467106e-02 5.773575e+03
5.467484e-02 5.773580e+03
5.467181e-02 5.773584e+03
5.467002e-02 5.773471e+03
5.467331e-02 5.773480e+03
5.467668e-02 5.773501e+03
5.467419e-02 5.773496e+03
5.466624e-02 5.773502e+03
5.466967e-02 5.773512e+03
5.466773e-02 5.773513e+03
5.466852e-02 5.773531e+03
5.466599e-02 5.773517e+03
5.466869e-02 5.773520e+03
5.466972e-02 5.773375e+03
5.466620e-02 5.773382e+03
5.466581e-02 5.773394e+03
5.466463e-02 5.773396e+03
5.467260e-02 5.773436e+03
5.466789e-02 5.773419e+03
5.466714e-02 5.773440e+03
5.466478e-02 5.773442e+03
5.466652e-02 5.773443e+03
5.466580e-02 5.773441e+03
5.466563e-02 5.773299e+03
5.467218e-02 5.773323e+03
5.466542e-02 5.773346e+03
5.467316e-02 5.773372e+03
5.466787e-02 5.773374e+03
5.466084e-02 5.773386e+03
5.466590e-02 5.773397e+03
5.466587e-02 5.773421e+03
5.466417e-02 5.773418e+03
5.466347e-02 5.773454e+03
5.466463e-02 5.773367e+03
5.466461e-02 5.773321e+03
5.466553e-02 5.773333e+03
5.466739e-02 5.773359e+03
5.465192e-02 5.773350e+03
5.466633e-02 5.773374e+03
5.466466e-02 5.773387e+03
5.466248e-02 5.773387e+03
5.465990e-02 5.773393e+03
5.466696e-02 5.773423e+03
5.466044e-02 5.773164e+03
5.466992e-02 5.773185e+03
5.466144e-02 5.773206e+03
5.466244e-02 5.773230e+03
5.465656e-02 5.773243e+03
5.465487e-02 5.773260e+03
5.465543e-02 5.773277e+03
5.465335e-02 5.773297e+03
5.465669e-02 5.773320e+03
5.465414e-02 5.773326e+03
5.466524e-02 5.773245e+03
5.466446e-02 5.773251e+03
5.465600e-02 5.773253e+03
5.465324e-02 5.773295e+03
5.465729e-02 5.773296e+03
5.465292e-02 5.773293e+03
5.464923e-02 5.773319e+03
5.464975e-02 5.773331e+03
5.465219e-02 5.773346e+03
5.465357e-02 5.773385e+03
5.466410e-02 5.773177e+03
5.465976e-02 5.773220e+03
5.466167e-02 5.773243e+03
5.465030e-02 5.773251e+03
5.464620e-02 5.773272e+03
5.464848e-02 5.773299e+03
5.464581e-02 5.773322e+03
5.464880e-02 5.773374e+03
5.464114e-02 5.773359e+03
5.463881e-02 5.773386e+03
5.465532e-02 5.773141e+03
5.465507e-02 5.773164e+03
5.465488e-02 5.773206e+03
5.465607e-02 5.773231e+03
5.464488e-02 5.773255e+03
5.464762e-02 5.773277e+03
5.463682e-02 5.773314e+03
5.463920e-02 5.773327e+03
5.464213e-02 5.773363e+03
5.463748e-02 5.773397e+03
5.464059e-02 5.773303e+03
5.464314e-02 5.773184e+03
5.465219e-02 5.773227e+03
5.464072e-02 5.773275e+03
5.464047e-02 5.773304e+03
5.463705e-02 5.773302e+03
5.464017e-02 5.773343e+03
5.464481e-02 5.773400e+03
5.463884e-02 5.773403e+03
5.464367e-02 5.773438e+03
