-3.3333e-07 3.0864e-17 6.2083e+01 8.1684e+00
-1.6667e-07 -6.6667e-04 1.5871e+02 8.2815e+00
-1.6667e-07 -6.6667e-04 2.5504e+02 8.3886e+00
-1.6667e-07 -6.6667e-04 3.5238e+02 8.4898e+00
-8.3333e-08 -9.0000e-04 4.5049e+02 8.5850e+00
-8.3333e-08 -9.0000e-04 5.4915e+02 8.6743e+00
-8.3333e-08 -7.6667e-04 6.5005e+02 8.7576e+00
-8.3333e-08 -7.6667e-04 7.5072e+02 8.8350e+00
-8.3333e-08 -7.6667e-04 8.5205e+02 8.9064e+00
-6.6383e-20 -1.0000e-03 9.5450e+02 8.9719e+00
-1.3940e-19 -1.0000e-03 1.0575e+03 9.0314e+00
-1.6596e-19 -1.0000e-03 1.1615e+03 9.0850e+00
-1.1285e-19 -1.0000e-03 1.2652e+03 9.1326e+00
-1.0621e-19 -1.0000e-03 1.3702e+03 9.1743e+00
-7.9659e-20 -8.6667e-04 1.4741e+03 9.2100e+00
-1.8587e-19 -8.6667e-04 1.5801e+03 9.2397e+00
-2.7881e-19 -8.0000e-04 1.6858e+03 9.2635e+00
8.3333e-08 -1.1000e-03 1.7908e+03 9.2814e+00
-1.7260e-19 -8.0000e-04 1.8974e+03 9.2933e+00
8.3333e-08 -1.1000e-03 2.0032e+03 9.2993e+00
8.3333e-08 -1.0333e-03 2.1099e+03 9.2993e+00
8.3333e-08 -1.0333e-03 2.2162e+03 9.2933e+00
1.6667e-07 -1.3333e-03 2.3216e+03 9.2814e+00
8.3333e-08 -9.0000e-04 2.4278e+03 9.2635e+00
8.3333e-08 -9.0000e-04 2.5334e+03 9.2397e+00
8.3333e-08 -9.0000e-04 2.6391e+03 9.2100e+00
2.5000e-07 -1.5667e-03 2.7454e+03 9.1743e+00
1.6667e-07 -1.1333e-03 2.8492e+03 9.1326e+00
1.6667e-07 -1.1333e-03 2.9536e+03 9.0850e+00
2.5000e-07 -1.4333e-03 3.0576e+03 9.0314e+00
1.6667e-07 -1.0000e-03 3.1611e+03 8.9719e+00
1.6667e-07 -1.0000e-03 3.2638e+03 8.9064e+00
2.5000e-07 -1.2333e-03 3.3659e+03 8.8350e+00
2.5000e-07 -1.2333e-03 3.4669e+03 8.7576e+00
2.5000e-07 -1.2333e-03 3.5682e+03 8.6743e+00
3.3333e-07 -1.4667e-03 3.6680e+03 8.5850e+00
3.3333e-07 -1.5333e-03 3.7667e+03 8.4898e+00
4.1667e-07 -1.7667e-03 3.8648e+03 8.3886e+00
4.1667e-07 -1.7667e-03 3.9618e+03 8.2815e+00
-7.4349e-19 2.8095e-15 4.0560e+03 8.1684e+00
