-2.56929e-07 -2.63791e-04 6.38637e+01 8.12476e+00
-2.30862e-07 -3.46086e-04 1.59697e+02 8.23339e+00
-2.21430e-07 -3.62532e-04 2.54775e+02 8.41770e+00
-1.85880e-07 -4.81517e-04 3.53199e+02 8.55961e+00
-1.58135e-07 -5.66728e-04 4.51068e+02 8.50003e+00
-1.73321e-07 -4.36785e-04 5.49682e+02 8.66187e+00
-1.06199e-07 -7.01108e-04 6.50315e+02 8.70633e+00
-8.59182e-08 -7.50002e-04 7.50775e+02 8.81085e+00
-6.61055e-08 -8.05588e-04 8.52416e+02 8.88526e+00
-7.10560e-08 -7.42497e-04 9.54777e+02 8.99054e+00
-1.94331e-08 -9.40726e-04 1.05875e+03 9.00310e+00
-2.12309e-08 -8.87293e-04 1.16177e+03 9.09808e+00
-1.73958e-08 -8.77486e-04 1.26517e+03 9.11610e+00
-5.07928e-09 -8.98923e-04 1.37051e+03 9.15692e+00
3.09114e-08 -1.00482e-03 1.47505e+03 9.20347e+00
4.48607e-08 -1.02882e-03 1.58062e+03 9.25865e+00
5.93590e-08 -1.04564e-03 1.68530e+03 9.21762e+00
7.02714e-08 -1.06792e-03 1.79125e+03 9.27805e+00
7.89589e-08 -1.06148e-03 1.89729e+03 9.32394e+00
8.33891e-08 -1.05825e-03 2.00253e+03 9.32532e+00
1.07370e-07 -1.11824e-03 2.10864e+03 9.32040e+00
1.25235e-07 -1.16037e-03 2.21458e+03 9.24678e+00
1.33413e-07 -1.16354e-03 2.32011e+03 9.24588e+00
1.46069e-07 -1.17934e-03 2.42709e+03 9.23669e+00
1.62196e-07 -1.21548e-03 2.53178e+03 9.20981e+00
1.81671e-07 -1.25256e-03 2.63886e+03 9.16756e+00
1.88455e-07 -1.25810e-03 2.74290e+03 9.22697e+00
2.11936e-07 -1.30679e-03 2.84813e+03 9.17027e+00
2.25189e-07 -1.33091e-03 2.95193e+03 9.06764e+00
2.31558e-07 -1.33280e-03 3.05569e+03 8.99486e+00
2.44368e-07 -1.32299e-03 3.15979e+03 8.91177e+00
2.58489e-07 -1.35541e-03 3.26292e+03 8.88438e+00
2.78414e-07 -1.40119e-03 3.36483e+03 8.84036e+00
2.94339e-07 -1.43853e-03 3.46475e+03 8.79153e+00
3.08299e-07 -1.45240e-03 3.56579e+03 8.72688e+00
3.33530e-07 -1.52525e-03 3.66616e+03 8.53062e+00
3.42587e-07 -1.53539e-03 3.76427e+03 8.45032e+00
3.67762e-07 -1.59072e-03 3.86208e+03 8.38041e+00
3.83595e-07 -1.64631e-03 3.95955e+03 8.32076e+00
4.10635e-07 -1.71127e-03 4.05666e+03 8.19542e+00
