6.307251e-02 6.622308e+03
6.307350e-02 6.622291e+03
6.307404e-02 6.622281e+03
6.307895e-02 6.622273e+03
6.308759e-02 6.622247e+03
6.308763e-02 6.622245e+03
6.309135e-02 6.622235e+03
6.310088e-02 6.622217e+03
6.309869e-02 6.622194e+03
6.310241e-02 6.622183e+03
6.308067e-02 6.622321e+03
6.308083e-02 6.622300e+03
6.308173e-02 6.622296e+03
6.308696e-02 6.622281e+03
6.309103e-02 6.622278e+03
6.309136e-02 6.622263e+03
6.308554e-02 6.622246e+03
6.309500e-02 6.622251e+03
6.309982e-02 6.622233e+03
6.310167e-02 6.622218e+03
6.309847e-02 6.622246e+03
6.310392e-02 6.622232e+03
6.310710e-02 6.622223e+03
6.311058e-02 6.622215e+03
6.311137e-02 6.622208e+03
6.311662e-02 6.622200e+03
6.311408e-02 6.622182e+03
6.313423e-02 6.622173e+03
6.312539e-02 6.622172e+03
6.313335e-02 6.622143e+03
6.309558e-02 6.622315e+03
6.309675e-02 6.622302e+03
6.309471e-02 6.622311e+03
6.310037e-02 6.622297e+03
6.310008e-02 6.622292e+03
6.310253e-02 6.622287e+03
6.310215e-02 6.622281e+03
6.311003e-02 6.622260e+03
6.310465e-02 6.622262e+03
6.310198e-02 6.622260e+03
6.310715e-02 6.622290e+03
6.309529e-02 6.622324e+03
6.310254e-02 6.622304e+03
6.310367e-02 6.622301e+03
6.310603e-02 6.622292e+03
6.310826e-02 6.622288e+03
6.310887e-02 6.622285e+03
6.311097e-02 6.622268e+03
6.311022e-02 6.622269e+03
6.311330e-02 6.622262e+03
6.310843e-02 6.622337e+03
6.310858e-02 6.622331e+03
6.311098e-02 6.622328e+03
6.311381e-02 6.622321e+03
6.311406e-02 6.622311e+03
6.311470e-02 6.622302e+03
6.311539e-02 6.622297e+03
6.311668e-02 6.622284e+03
6.311757e-02 6.622285e+03
6.312024e-02 6.622275e+03
6.311792e-02 6.622399e+03
6.311682e-02 6.622398e+03
6.311893e-02 6.622397e+03
6.312058e-02 6.622392e+03
6.312059e-02 6.622383e+03
6.312083e-02 6.622372e+03
6.312130e-02 6.622371e+03
6.312107e-02 6.622352e+03
6.312283e-02 6.622347e+03
6.312641e-02 6.622337e+03
6.312542e-02 6.622422e+03
6.312760e-02 6.622420e+03
6.312778e-02 6.622409e+03
6.312845e-02 6.622411e+03
6.312762e-02 6.622409e+03
6.312831e-02 6.622407e+03
6.313049e-02 6.622404e+03
6.312929e-02 6.622400e+03
6.313030e-02 6.622390e+03
6.313228e-02 6.622383e+03
6.313004e-02 6.622521e+03
6.313628e-02 6.622510e+03
6.313642e-02 6.622507e+03
6.313465e-02 6.622509e+03
6.313771e-02 6.622502e+03
6.313864e-02 6.622498e+03
6.313789e-02 6.622488e+03
6.313939e-02 6.622478e+03
6.313760e-02 6.622474e+03
6.313960e-02 6.622467e+03
6.314715e-02 6.622593e+03
6.314482e-02 6.622628e+03
6.314660e-02 6.622626e+03
6.314393e-02 6.622619e+03
6.314770e-02 6.622599e+03
6.314775e-02 6.622600e+03
6.314625e-02 6.622586e+03
6.314863e-02 6.622572e+03
6.314813e-02 6.622565e+03
6.315003e-02 6.622556e+03
6.315137e-02 6.622633e+03
6.315315e-02 6.622620e+03
6.315144e-02 6.622630e+03
6.315291e-02 6.622632e+03
6.315375e-02 6.622643e+03
6.315655e-02 6.622634e+03
6.315441e-02 6.622635e+03
6.315449e-02 6.622630e+03
6.315669e-02 6.622637e+03
6.315629e-02 6.622617e+03
6.315878e-02 6.622799e+03
6.315806e-02 6.622796e+03
6.315934e-02 6.622794e+03
6.316090e-02 6.622804e+03
6.316009e-02 6.622805e+03
6.316408e-02 6.622812e+03
6.316353e-02 6.622811e+03
6.316292e-02 6.622808e+03
6.316361e-02 6.622813e+03
6.316215e-02 6.622808e+03
6.316788e-02 6.622823e+03
6.316675e-02 6.622835e+03
6.316618e-02 6.622851e+03
6.316857e-02 6.622839e+03
6.316851e-02 6.622866e+03
6.316888e-02 6.622859e+03
6.317534e-02 6.622852e+03
6.316734e-02 6.622861e+03
6.316732e-02 6.622862e+03
6.316999e-02 6.622866e+03
6.317107e-02 6.622941e+03
6.317215e-02 6.622943e+03
6.317378e-02 6.622949e+03
6.317314e-02 6.622950e+03
6.317532e-02 6.622957e+03
6.317623e-02 6.622958e+03
6.317476e-02 6.622956e+03
6.317685e-02 6.622964e+03
6.317682e-02 6.622963e+03
6.317573e-02 6.622959e+03
6.318176e-02 6.623068e+03
6.317586e-02 6.623032e+03
6.318100e-02 6.623044e+03
6.318125e-02 6.623056e+03
6.318363e-02 6.623063e+03
6.318003e-02 6.623073e+03
6.318248e-02 6.623077e+03
6.318283e-02 6.623075e+03
6.318228e-02 6.623077e+03
6.318393e-02 6.623081e+03
6.318939e-02 6.623059e+03
6.318921e-02 6.623077e+03
6.318820e-02 6.623088e+03
6.318829e-02 6.623094e+03
6.318987e-02 6.623107e+03
6.318860e-02 6.623119e+03
6.319751e-02 6.623105e+03
6.318941e-02 6.623117e+03
6.319013e-02 6.623120e+03
6.319290e-02 6.623113e+03
6.319255e-02 6.623139e+03
6.319467e-02 6.623138e+03
6.319398e-02 6.623144e+03
6.319538e-02 6.623145e+03
6.319637e-02 6.623146e+03
6.319832e-02 6.623136e+03
6.319886e-02 6.623131e+03
6.319851e-02 6.623131e+03
6.320043e-02 6.623120e+03
6.319822e-02 6.623123e+03
6.319878e-02 6.623232e+03
6.320086e-02 6.623230e+03
6.320106e-02 6.623239e+03
6.320202e-02 6.623238e+03
6.319996e-02 6.623253e+03
6.320203e-02 6.623248e+03
6.319901e-02 6.623253e+03
6.320322e-02 6.623247e+03
6.320320e-02 6.623252e+03
6.320312e-02 6.623249e+03
6.320888e-02 6.623280e+03
6.320354e-02 6.623288e+03
6.321010e-02 6.623296e+03
6.320819e-02 6.623288e+03
6.320686e-02 6.623302e+03
6.320855e-02 6.623300e+03
6.320865e-02 6.623309e+03
6.321103e-02 6.623307e+03
6.321250e-02 6.623318e+03
6.321040e-02 6.623309e+03
6.321548e-02 6.623340e+03
6.321877e-02 6.623301e+03
6.321370e-02 6.623312e+03
6.321766e-02 6.623323e+03
6.321298e-02 6.623335e+03
6.321176e-02 6.623346e+03
6.321653e-02 6.623358e+03
6.321578e-02 6.623372e+03
6.321482e-02 6.623370e+03
6.321519e-02 6.623385e+03
6.321925e-02 6.623396e+03
6.321867e-02 6.623418e+03
6.321926e-02 6.623428e+03
6.321995e-02 6.623430e+03
6.322131e-02 6.623438e+03
6.322021e-02 6.623440e+03
6.322064e-02 6.623450e+03
6.322212e-02 6.623452e+03
6.322268e-02 6.623453e+03
6.322323e-02 6.623456e+03
6.322131e-02 6.623429e+03
6.322364e-02 6.623450e+03
6.322506e-02 6.623453e+03
6.322436e-02 6.623476e+03
6.322412e-02 6.623482e+03
6.322692e-02 6.623493e+03
6.322493e-02 6.623505e+03
6.322442e-02 6.623518e+03
6.322406e-02 6.623525e+03
6.322660e-02 6.623526e+03
6.322487e-02 6.623463e+03
6.322871e-02 6.623475e+03
6.322677e-02 6.623496e+03
6.322720e-02 6.623509e+03
6.322850e-02 6.623521e+03
6.322950e-02 6.623525e+03
6.323521e-02 6.623531e+03
6.323067e-02 6.623552e+03
6.322898e-02 6.623566e+03
6.322892e-02 6.623574e+03
6.323010e-02 6.623491e+03
6.323506e-02 6.623497e+03
6.323269e-02 6.623503e+03
6.323598e-02 6.623519e+03
6.323735e-02 6.623525e+03
6.323693e-02 6.623543e+03
6.323411e-02 6.623547e+03
6.324086e-02 6.623543e+03
6.323366e-02 6.623558e+03
6.323587e-02 6.623556e+03
6.323770e-02 6.623652e+03
6.324129e-02 6.623596e+03
6.324421e-02 6.623605e+03
6.323600e-02 6.623626e+03
6.323727e-02 6.623652e+03
6.323765e-02 6.623653e+03
6.323648e-02 6.623668e+03
6.323775e-02 6.623678e+03
6.324096e-02 6.623677e+03
6.324006e-02 6.623683e+03
6.324135e-02 6.623541e+03
6.324271e-02 6.623561e+03
6.323950e-02 6.623584e+03
6.324589e-02 6.623598e+03
6.324862e-02 6.623612e+03
6.323799e-02 6.623642e+03
6.324664e-02 6.623639e+03
6.324252e-02 6.623664e+03
6.324886e-02 6.623667e+03
6.324358e-02 6.623682e+03
6.324432e-02 6.623608e+03
6.325226e-02 6.623608e+03
6.325297e-02 6.623628e+03
6.324964e-02 6.623652e+03
6.325232e-02 6.623661e+03
6.324741e-02 6.623668e+03
6.325044e-02 6.623695e+03
6.325092e-02 6.623694e+03
6.325298e-02 6.623713e+03
6.324528e-02 6.623721e+03
6.324695e-02 6.623544e+03
6.324838e-02 6.623575e+03
6.324701e-02 6.623591e+03
6.325338e-02 6.623597e+03
6.324751e-02 6.623619e+03
6.324817e-02 6.623641e+03
6.324866e-02 6.623652e+03
6.324724e-02 6.623663e+03
6.324816e-02 6.623676e+03
6.325027e-02 6.623667e+03
6.324947e-02 6.623658e+03
6.325060e-02 6.623683e+03
6.324670e-02 6.623699e+03
6.325102e-02 6.623711e+03
6.325086e-02 6.623732e+03
6.324911e-02 6.623744e+03
6.324904e-02 6.623755e+03
6.325231e-02 6.623772e+03
6.324832e-02 6.623772e+03
6.324670e-02 6.623782e+03
6.325276e-02 6.623644e+03
6.325580e-02 6.623657e+03
6.325857e-02 6.623665e+03
6.325608e-02 6.623721e+03
6.325868e-02 6.623708e+03
6.325328e-02 6.623735e+03
6.325638e-02 6.623738e+03
6.325726e-02 6.623741e+03
6.325397e-02 6.623768e+03
6.325637e-02 6.623774e+03
6.325722e-02 6.623668e+03
6.325531e-02 6.623680e+03
6.325576e-02 6.623692e+03
6.326037e-02 6.623710e+03
6.326391e-02 6.623724e+03
6.325938e-02 6.623756e+03
6.325876e-02 6.623766e+03
6.325876e-02 6.623782e+03
6.325873e-02 6.623790e+03
6.325436e-02 6.623825e+03
6.325617e-02 6.623676e+03
6.325457e-02 6.623702e+03
6.325656e-02 6.623715e+03
6.325478e-02 6.623735e+03
6.325408e-02 6.623765e+03
6.326065e-02 6.623786e+03
6.325638e-02 6.623793e+03
6.325587e-02 6.623814e+03
6.325364e-02 6.623822e+03
6.325346e-02 6.623833e+03
6.325813e-02 6.623746e+03
6.325956e-02 6.623779e+03
6.325955e-02 6.623797e+03
6.325807e-02 6.623819e+03
6.326334e-02 6.623834e+03
6.326696e-02 6.623843e+03
6.325684e-02 6.623878e+03
6.326080e-02 6.623882e+03
6.325923e-02 6.623917e+03
6.325955e-02 6.623922e+03
6.326257e-02 6.623771e+03
6.325838e-02 6.623806e+03
6.326212e-02 6.623818e+03
6.326077e-02 6.623853e+03
6.325828e-02 6.623871e+03
6.325940e-02 6.623890e+03
6.326287e-02 6.623904e+03
6.326049e-02 6.623934e+03
6.325893e-02 6.623954e+03
6.326506e-02 6.623975e+03
6.326112e-02 6.623847e+03
6.325981e-02 6.623777e+03
6.326262e-02 6.623787e+03
6.326106e-02 6.623805e+03
6.325855e-02 6.623831e+03
6.326092e-02 6.623846e+03
6.326118e-02 6.623865e+03
6.326456e-02 6.623875e+03
6.325965e-02 6.623908e+03
6.326436e-02 6.623913e+03
6.326720e-02 6.623757e+03
6.327048e-02 6.623775e+03
6.326814e-02 6.623806e+03
6.326756e-02 6.623855e+03
6.326790e-02 6.623882e+03
6.326255e-02 6.623900e+03
6.325988e-02 6.623939e+03
6.326125e-02 6.623966e+03
6.326223e-02 6.623980e+03
6.325609e-02 6.624017e+03
6.326175e-02 6.623881e+03
6.326217e-02 6.623901e+03
6.326167e-02 6.623940e+03
6.326387e-02 6.623964e+03
6.325804e-02 6.624002e+03
6.326476e-02 6.624032e+03
6.325690e-02 6.624064e+03
6.326075e-02 6.624077e+03
6.326188e-02 6.624105e+03
6.325390e-02 6.624119e+03
6.325959e-02 6.623935e+03
6.327124e-02 6.623946e+03
6.326093e-02 6.623998e+03
6.326455e-02 6.624019e+03
6.325932e-02 6.624076e+03
6.325760e-02 6.624101e+03
6.326040e-02 6.624144e+03
6.325963e-02 6.624156e+03
6.325376e-02 6.624197e+03
6.324787e-02 6.624230e+03
6.327689e-02 6.624025e+03
6.325934e-02 6.624051e+03
6.327011e-02 6.624054e+03
6.326455e-02 6.624096e+03
6.325923e-02 6.624124e+03
6.326775e-02 6.624156e+03
6.325925e-02 6.624176e+03
6.326341e-02 6.624207e+03
6.325526e-02 6.624261e+03
6.324722e-02 6.624288e+03
6.325863e-02 6.624293e+03
6.325904e-02 6.624164e+03
6.325862e-02 6.624197e+03
6.325864e-02 6.624239e+03
6.325637e-02 6.624278e+03
6.325836e-02 6.624309e+03
6.325974e-02 6.624341e+03
6.325823e-02 6.624380e+03
6.325957e-02 6.624403e+03
6.325741e-02 6.624431e+03
