6.306668e-02 6.622154e+03
6.306929e-02 6.622125e+03
6.306893e-02 6.622115e+03
6.307272e-02 6.622093e+03
6.307994e-02 6.622074e+03
6.308017e-02 6.622058e+03
6.308355e-02 6.622050e+03
6.308590e-02 6.622038e+03
6.308989e-02 6.622025e+03
6.309787e-02 6.622003e+03
6.307351e-02 6.622117e+03
6.307833e-02 6.622099e+03
6.307936e-02 6.622091e+03
6.308236e-02 6.622076e+03
6.308331e-02 6.622072e+03
6.308933e-02 6.622059e+03
6.308986e-02 6.622048e+03
6.309338e-02 6.622033e+03
6.309734e-02 6.622029e+03
6.309994e-02 6.622015e+03
6.307765e-02 6.622147e+03
6.308003e-02 6.622136e+03
6.307227e-02 6.622134e+03
6.308760e-02 6.622125e+03
6.308584e-02 6.622116e+03
6.308393e-02 6.622113e+03
6.310804e-02 6.622138e+03
6.308937e-02 6.622099e+03
6.309882e-02 6.622089e+03
6.309352e-02 6.622084e+03
6.307552e-02 6.622162e+03
6.307833e-02 6.622142e+03
6.307757e-02 6.622135e+03
6.308000e-02 6.622113e+03
6.308400e-02 6.622109e+03
6.308822e-02 6.622089e+03
6.309151e-02 6.622091e+03
6.309757e-02 6.622072e+03
6.310011e-02 6.622056e+03
6.310354e-02 6.622053e+03
6.310815e-02 6.622062e+03
6.309708e-02 6.622091e+03
6.308995e-02 6.622099e+03
6.309854e-02 6.622087e+03
6.310727e-02 6.622064e+03
6.310928e-02 6.622061e+03
6.310588e-02 6.622060e+03
6.310903e-02 6.622049e+03
6.311488e-02 6.622037e+03
6.311725e-02 6.622037e+03
6.309317e-02 6.622147e+03
6.309723e-02 6.622132e+03
6.310003e-02 6.622128e+03
6.310220e-02 6.622115e+03
6.310610e-02 6.622108e+03
6.311201e-02 6.622100e+03
6.310248e-02 6.622103e+03
6.310571e-02 6.622096e+03
6.310967e-02 6.622081e+03
6.311047e-02 6.622074e+03
6.310298e-02 6.622197e+03
6.310416e-02 6.622208e+03
6.310622e-02 6.622198e+03
6.310552e-02 6.622207e+03
6.310580e-02 6.622200e+03
6.310631e-02 6.622205e+03
6.310773e-02 6.622197e+03
6.311108e-02 6.622199e+03
6.311129e-02 6.622206e+03
6.310992e-02 6.622190e+03
6.311193e-02 6.622343e+03
6.311065e-02 6.622346e+03
6.311258e-02 6.622344e+03
6.311483e-02 6.622338e+03
6.311818e-02 6.622336e+03
6.311751e-02 6.622337e+03
6.311792e-02 6.622320e+03
6.312049e-02 6.622312e+03
6.312132e-02 6.622313e+03
6.311660e-02 6.622299e+03
6.312263e-02 6.622302e+03
6.311953e-02 6.622313e+03
6.311582e-02 6.622349e+03
6.312122e-02 6.622333e+03
6.312220e-02 6.622352e+03
6.312416e-02 6.622360e+03
6.312340e-02 6.622373e+03
6.312983e-02 6.622376e+03
6.312838e-02 6.622386e+03
6.313072e-02 6.622392e+03
6.313441e-02 6.622407e+03
6.313119e-02 6.622416e+03
6.313222e-02 6.622414e+03
6.313250e-02 6.622407e+03
6.313343e-02 6.622408e+03
6.313727e-02 6.622414e+03
6.313401e-02 6.622407e+03
6.313594e-02 6.622399e+03
6.313848e-02 6.622387e+03
6.313480e-02 6.622385e+03
6.314137e-02 6.622534e+03
6.313963e-02 6.622538e+03
6.313893e-02 6.622548e+03
6.314239e-02 6.622551e+03
6.314081e-02 6.622550e+03
6.314289e-02 6.622556e+03
6.314550e-02 6.622552e+03
6.314600e-02 6.622552e+03
6.314613e-02 6.622553e+03
6.314492e-02 6.622553e+03
6.314784e-02 6.622557e+03
6.314701e-02 6.622563e+03
6.314664e-02 6.622562e+03
6.315503e-02 6.622562e+03
6.315195e-02 6.622568e+03
6.315015e-02 6.622560e+03
6.315241e-02 6.622565e+03
6.315298e-02 6.622560e+03
6.315353e-02 6.622547e+03
6.315419e-02 6.622556e+03
6.315511e-02 6.622709e+03
6.315822e-02 6.622705e+03
6.315826e-02 6.622708e+03
6.315827e-02 6.622717e+03
6.315897e-02 6.622718e+03
6.316216e-02 6.622719e+03
6.316016e-02 6.622724e+03
6.315852e-02 6.622728e+03
6.316159e-02 6.622723e+03
6.316105e-02 6.622722e+03
6.316134e-02 6.622821e+03
6.316181e-02 6.622820e+03
6.316350e-02 6.622828e+03
6.316546e-02 6.622825e+03
6.316261e-02 6.622833e+03
6.316834e-02 6.622832e+03
6.316619e-02 6.622834e+03
6.316642e-02 6.622824e+03
6.316763e-02 6.622824e+03
6.316717e-02 6.622821e+03
6.317466e-02 6.622846e+03
6.316863e-02 6.622853e+03
6.317108e-02 6.622862e+03
6.317586e-02 6.622841e+03
6.318279e-02 6.622850e+03
6.317300e-02 6.622849e+03
6.317372e-02 6.622849e+03
6.317417e-02 6.622840e+03
6.317532e-02 6.622843e+03
6.317515e-02 6.622835e+03
6.317736e-02 6.622921e+03
6.317912e-02 6.622922e+03
6.317927e-02 6.622925e+03
6.317821e-02 6.622933e+03
6.318056e-02 6.622925e+03
6.317997e-02 6.622926e+03
6.318102e-02 6.622932e+03
6.318073e-02 6.622923e+03
6.318325e-02 6.622929e+03
6.318087e-02 6.622921e+03
6.318598e-02 6.622997e+03
6.318314e-02 6.623008e+03
6.318425e-02 6.623013e+03
6.318608e-02 6.623015e+03
6.318555e-02 6.623024e+03
6.318575e-02 6.623030e+03
6.318504e-02 6.623036e+03
6.318673e-02 6.623029e+03
6.320068e-02 6.623049e+03
6.318794e-02 6.623034e+03
6.318859e-02 6.623058e+03
6.319292e-02 6.623060e+03
6.318846e-02 6.623077e+03
6.319066e-02 6.623089e+03
6.319102e-02 6.623100e+03
6.319182e-02 6.623107e+03
6.319267e-02 6.623111e+03
6.319917e-02 6.623088e+03
6.319221e-02 6.623121e+03
6.319186e-02 6.623113e+03
6.319832e-02 6.623104e+03
6.319662e-02 6.623107e+03
6.319634e-02 6.623124e+03
6.320191e-02 6.623143e+03
6.319807e-02 6.623132e+03
6.320156e-02 6.623145e+03
6.320075e-02 6.623144e+03
6.319989e-02 6.623151e+03
6.320235e-02 6.623147e+03
6.320295e-02 6.623152e+03
6.320489e-02 6.623234e+03
6.320135e-02 6.623189e+03
6.320088e-02 6.623211e+03
6.320209e-02 6.623216e+03
6.320508e-02 6.623227e+03
6.320470e-02 6.623242e+03
6.320549e-02 6.623241e+03
6.320516e-02 6.623254e+03
6.320533e-02 6.623257e+03
6.320553e-02 6.623271e+03
6.320864e-02 6.623210e+03
6.320749e-02 6.623232e+03
6.321013e-02 6.623240e+03
6.320996e-02 6.623262e+03
6.320771e-02 6.623266e+03
6.321468e-02 6.623271e+03
6.320926e-02 6.623289e+03
6.321032e-02 6.623292e+03
6.320880e-02 6.623308e+03
6.321046e-02 6.623315e+03
6.321288e-02 6.623232e+03
6.321516e-02 6.623242e+03
6.321291e-02 6.623274e+03
6.321449e-02 6.623292e+03
6.321389e-02 6.623312e+03
6.321471e-02 6.623329e+03
6.321780e-02 6.623328e+03
6.321620e-02 6.623357e+03
6.321533e-02 6.623357e+03
6.321689e-02 6.623380e+03
6.321306e-02 6.623335e+03
6.321710e-02 6.623347e+03
6.321737e-02 6.623358e+03
6.321953e-02 6.623368e+03
6.321719e-02 6.623379e+03
6.321778e-02 6.623385e+03
6.321781e-02 6.623382e+03
6.322016e-02 6.623391e+03
6.322128e-02 6.623387e+03
6.322072e-02 6.623402e+03
6.322308e-02 6.623389e+03
6.322186e-02 6.623408e+03
6.322176e-02 6.623416e+03
6.322325e-02 6.623427e+03
6.322177e-02 6.623434e+03
6.322436e-02 6.623443e+03
6.322553e-02 6.623451e+03
6.322059e-02 6.623439e+03
6.322542e-02 6.623454e+03
6.322563e-02 6.623466e+03
6.323220e-02 6.623505e+03
6.324010e-02 6.623439e+03
6.324596e-02 6.623460e+03
6.323358e-02 6.623474e+03
6.323555e-02 6.623489e+03
6.323165e-02 6.623518e+03
6.323168e-02 6.623539e+03
6.323273e-02 6.623551e+03
6.323088e-02 6.623572e+03
6.323107e-02 6.623587e+03
6.323784e-02 6.623442e+03
6.323105e-02 6.623459e+03
6.323205e-02 6.623477e+03
6.323086e-02 6.623495e+03
6.323976e-02 6.623503e+03
6.323721e-02 6.623515e+03
6.323329e-02 6.623531e+03
6.323937e-02 6.623539e+03
6.323503e-02 6.623561e+03
6.323326e-02 6.623555e+03
6.323324e-02 6.623399e+03
6.323315e-02 6.623414e+03
6.323628e-02 6.623435e+03
6.323607e-02 6.623454e+03
6.323384e-02 6.623474e+03
6.323428e-02 6.623488e+03
6.323538e-02 6.623498e+03
6.323564e-02 6.623519e+03
6.323741e-02 6.623506e+03
6.323420e-02 6.623547e+03
6.324123e-02 6.623479e+03
6.323915e-02 6.623497e+03
6.324600e-02 6.623502e+03
6.324275e-02 6.623525e+03
6.324409e-02 6.623542e+03
6.324343e-02 6.623555e+03
6.324325e-02 6.623562e+03
6.323765e-02 6.623544e+03
6.323926e-02 6.623593e+03
6.323880e-02 6.623598e+03
6.324552e-02 6.623407e+03
6.324308e-02 6.623432e+03
6.324369e-02 6.623457e+03
6.325099e-02 6.623476e+03
6.324561e-02 6.623500e+03
6.324929e-02 6.623519e+03
6.324281e-02 6.623550e+03
6.324381e-02 6.623565e+03
6.324396e-02 6.623594e+03
6.321706e-02 6.623538e+03
6.324671e-02 6.623557e+03
6.325002e-02 6.623469e+03
6.324676e-02 6.623499e+03
6.325553e-02 6.623525e+03
6.324710e-02 6.623545e+03
6.325283e-02 6.623568e+03
6.324667e-02 6.623592e+03
6.324346e-02 6.623627e+03
6.324580e-02 6.623626e+03
6.323867e-02 6.623648e+03
6.324840e-02 6.623503e+03
6.325177e-02 6.623529e+03
6.325286e-02 6.623549e+03
6.325279e-02 6.623565e+03
6.325273e-02 6.623590e+03
6.325613e-02 6.623595e+03
6.325093e-02 6.623625e+03
6.324777e-02 6.623642e+03
6.324571e-02 6.623663e+03
6.324697e-02 6.623669e+03
6.324581e-02 6.623585e+03
6.324527e-02 6.623592e+03
6.324380e-02 6.623582e+03
6.324520e-02 6.623629e+03
6.324298e-02 6.623656e+03
6.324641e-02 6.623666e+03
6.324583e-02 6.623678e+03
6.323807e-02 6.623650e+03
6.324338e-02 6.623686e+03
6.324414e-02 6.623714e+03
6.325363e-02 6.623554e+03
6.324490e-02 6.623597e+03
6.324912e-02 6.623604e+03
6.324592e-02 6.623625e+03
6.325827e-02 6.623614e+03
6.324827e-02 6.623656e+03
6.325774e-02 6.623649e+03
6.325467e-02 6.623650e+03
6.325511e-02 6.623687e+03
6.324475e-02 6.623710e+03
6.324857e-02 6.623590e+03
6.326051e-02 6.623600e+03
6.325755e-02 6.623628e+03
6.325440e-02 6.623638e+03
6.324888e-02 6.623675e+03
6.325478e-02 6.623691e+03
6.325290e-02 6.623715e+03
6.322339e-02 6.623747e+03
6.324652e-02 6.623755e+03
6.323234e-02 6.623739e+03
6.325292e-02 6.623739e+03
6.325916e-02 6.623694e+03
6.325462e-02 6.623709e+03
6.325122e-02 6.623722e+03
6.325806e-02 6.623736e+03
6.324437e-02 6.623721e+03
6.325478e-02 6.623771e+03
6.324880e-02 6.623776e+03
6.324892e-02 6.623809e+03
6.322805e-02 6.623776e+03
6.324444e-02 6.623624e+03
6.325417e-02 6.623648e+03
6.325082e-02 6.623680e+03
6.325416e-02 6.623708e+03
6.325160e-02 6.623738e+03
6.324991e-02 6.623750e+03
6.324043e-02 6.623795e+03
6.323914e-02 6.623801e+03
6.324184e-02 6.623834e+03
6.323408e-02 6.623843e+03
6.326883e-02 6.623793e+03
6.326975e-02 6.623785e+03
6.325922e-02 6.623814e+03
6.326578e-02 6.623846e+03
6.325651e-02 6.623845e+03
6.325612e-02 6.623879e+03
6.325421e-02 6.623891e+03
6.324740e-02 6.623911e+03
6.324209e-02 6.623953e+03
6.322900e-02 6.623932e+03
6.325780e-02 6.623831e+03
6.325919e-02 6.623855e+03
6.325482e-02 6.623886e+03
6.323944e-02 6.623943e+03
6.324794e-02 6.623970e+03
6.324684e-02 6.623971e+03
6.324222e-02 6.624022e+03
6.324951e-02 6.624028e+03
6.323928e-02 6.624085e+03
6.323479e-02 6.624117e+03
6.325401e-02 6.623872e+03
6.325577e-02 6.623896e+03
6.324397e-02 6.623952e+03
6.324721e-02 6.623962e+03
6.324849e-02 6.624009e+03
6.324307e-02 6.624051e+03
6.324579e-02 6.624055e+03
6.324605e-02 6.624087e+03
6.324484e-02 6.624139e+03
6.323827e-02 6.624123e+03
6.324288e-02 6.624138e+03
6.324889e-02 6.624005e+03
6.324151e-02 6.624061e+03
6.326170e-02 6.624114e+03
6.324425e-02 6.624105e+03
6.324042e-02 6.624161e+03
6.324697e-02 6.624177e+03
6.324117e-02 6.624212e+03
6.323860e-02 6.624233e+03
6.323620e-02 6.624259e+03
