-5.0000e-07 3.3333e-04 6.0625e+01 8.1684e+00
-5.0000e-07 1.3333e-04 1.5736e+02 8.2815e+00
-5.8333e-07 5.6667e-04 2.5351e+02 8.3886e+00
-5.0000e-07 5.3333e-04 3.5056e+02 8.4898e+00
-5.0000e-07 5.3333e-04 4.4889e+02 8.5850e+00
-4.1667e-07 3.0000e-04 5.4767e+02 8.6743e+00
-5.0000e-07 6.6667e-04 6.4879e+02 8.7576e+00
-4.1667e-07 4.3333e-04 7.4957e+02 8.8350e+00
-3.3333e-07 1.3333e-04 8.5132e+02 8.9064e+00
-4.1667e-07 5.6667e-04 9.5347e+02 8.9719e+00
-3.3333e-07 3.3333e-04 1.0566e+03 9.0314e+00
-2.5000e-07 2.3333e-04 1.1603e+03 9.0850e+00
-2.5000e-07 2.3333e-04 1.2639e+03 9.1326e+00
-1.6667e-07 -3.2735e-16 1.3690e+03 9.1743e+00
-2.5000e-07 4.3333e-04 1.4729e+03 9.2100e+00
-1.6667e-07 2.0000e-04 1.5790e+03 9.2397e+00
-1.6667e-07 3.3333e-04 1.6845e+03 9.2635e+00
-1.6667e-07 3.3333e-04 1.7895e+03 9.2814e+00
-1.6667e-07 5.3333e-04 1.8958e+03 9.2933e+00
-2.5000e-07 9.0000e-04 2.0009e+03 9.2993e+00
-1.6667e-07 6.6667e-04 2.1077e+03 9.2993e+00
-8.3333e-08 4.3333e-04 2.2142e+03 9.2933e+00
-8.3333e-08 5.6667e-04 2.3191e+03 9.2814e+00
-1.6667e-07 1.0000e-03 2.4252e+03 9.2635e+00
-8.3333e-08 7.6667e-04 2.5307e+03 9.2397e+00
-8.3333e-08 7.6667e-04 2.6363e+03 9.2100e+00
-8.3333e-08 9.6667e-04 2.7416e+03 9.1743e+00
-8.3333e-08 1.1000e-03 2.8455e+03 9.1326e+00
8.3333e-08 4.3333e-04 2.9501e+03 9.0850e+00
-8.3333e-08 1.2333e-03 3.0531e+03 9.0314e+00
-2.6553e-19 8.6667e-04 3.1569e+03 8.9719e+00
-8.3333e-08 1.4333e-03 3.2590e+03 8.9064e+00
0.0000e+00 1.2000e-03 3.3608e+03 8.8350e+00
8.3333e-08 9.6667e-04 3.4615e+03 8.7576e+00
8.3333e-08 1.1000e-03 3.5624e+03 8.6743e+00
1.6667e-07 8.0000e-04 3.6622e+03 8.5850e+00
8.3333e-08 1.2333e-03 3.7600e+03 8.4898e+00
8.3333e-08 1.2333e-03 3.8577e+03 8.3886e+00
8.3333e-08 1.4333e-03 3.9543e+03 8.2815e+00
1.6667e-07 1.2000e-03 4.0497e+03 8.1684e+00
