-6.24541e-07 7.13284e-04 6.21494e+01 8.14846e+00
-5.79712e-07 6.31691e-04 1.58133e+02 8.25755e+00
-5.57673e-07 6.00598e-04 2.53304e+02 8.42817e+00
-5.11388e-07 5.08441e-04 3.51858e+02 8.57299e+00
-4.64491e-07 4.40618e-04 4.49835e+02 8.51432e+00
-4.82421e-07 6.16358e-04 5.48454e+02 8.66812e+00
-4.13710e-07 4.22664e-04 6.49159e+02 8.71968e+00
-3.92910e-07 4.13320e-04 7.49691e+02 8.82876e+00
-3.60208e-07 3.70943e-04 8.51374e+02 8.89319e+00
-3.55345e-07 4.36312e-04 9.53778e+02 8.98717e+00
-3.05175e-07 3.31647e-04 1.05769e+03 9.01676e+00
-2.98577e-07 4.02210e-04 1.16070e+03 9.09854e+00
-2.84762e-07 4.30648e-04 1.26403e+03 9.13172e+00
-2.44359e-07 3.62038e-04 1.36942e+03 9.15538e+00
-2.23111e-07 3.87244e-04 1.47385e+03 9.20746e+00
-2.17115e-07 4.39973e-04 1.57934e+03 9.25128e+00
-1.94723e-07 4.38740e-04 1.68394e+03 9.21502e+00
-1.78957e-07 4.64621e-04 1.78978e+03 9.26453e+00
-1.69906e-07 5.26440e-04 1.89565e+03 9.29959e+00
-1.63159e-07 5.97055e-04 2.00075e+03 9.31175e+00
-1.40373e-07 5.89869e-04 2.10669e+03 9.29693e+00
-1.20672e-07 6.08131e-04 2.21246e+03 9.22787e+00
-1.22047e-07 6.84058e-04 2.31780e+03 9.22825e+00
-8.38224e-08 6.35376e-04 2.42464e+03 9.22727e+00
-8.71675e-08 7.46033e-04 2.52901e+03 9.20525e+00
-6.50509e-08 7.47295e-04 2.63592e+03 9.15214e+00
-5.07112e-08 7.80528e-04 2.73970e+03 9.20754e+00
-4.20574e-08 8.55621e-04 2.84463e+03 9.14419e+00
-3.10099e-08 8.78603e-04 2.94820e+03 9.05911e+00
-9.63900e-09 8.99670e-04 3.05162e+03 8.97252e+00
8.80742e-11 9.56358e-04 3.15552e+03 8.88945e+00
3.19416e-08 9.33175e-04 3.25837e+03 8.86613e+00
3.76587e-08 1.00351e-03 3.35987e+03 8.81331e+00
5.38668e-08 1.03478e-03 3.45944e+03 8.76471e+00
8.78615e-08 9.78183e-04 3.56028e+03 8.69973e+00
9.09518e-08 1.09022e-03 3.66014e+03 8.50502e+00
1.03933e-07 1.14761e-03 3.75786e+03 8.42280e+00
1.16244e-07 1.17335e-03 3.85540e+03 8.35856e+00
1.13789e-07 1.26450e-03 3.95231e+03 8.28326e+00
5.22816e-08 1.60176e-03 4.04876e+03 8.15321e+00
