4.597607e-02 4.819470e+03
4.597730e-02 4.819443e+03
4.597487e-02 4.819427e+03
4.597670e-02 4.819407e+03
4.597860e-02 4.819380e+03
4.597864e-02 4.819362e+03
4.597862e-02 4.819342e+03
4.597816e-02 4.819325e+03
4.597594e-02 4.819301e+03
4.598075e-02 4.819274e+03
4.597912e-02 4.819382e+03
4.598042e-02 4.819365e+03
4.598008e-02 4.819349e+03
4.597933e-02 4.819332e+03
4.598081e-02 4.819319e+03
4.597861e-02 4.819304e+03
4.597959e-02 4.819280e+03
4.598133e-02 4.819263e+03
4.598086e-02 4.819254e+03
4.597969e-02 4.819231e+03
4.598078e-02 4.819342e+03
4.598047e-02 4.819327e+03
4.598210e-02 4.819322e+03
4.598297e-02 4.819292e+03
4.598280e-02 4.819300e+03
4.598204e-02 4.819284e+03
4.598314e-02 4.819273e+03
4.598391e-02 4.819258e+03
4.598482e-02 4.819240e+03
4.598357e-02 4.819232e+03
4.598257e-02 4.819302e+03
4.598433e-02 4.819284e+03
4.598325e-02 4.819270e+03
4.598344e-02 4.819248e+03
4.598367e-02 4.819235e+03
4.598472e-02 4.819216e+03
4.598383e-02 4.819207e+03
4.598572e-02 4.819185e+03
4.598700e-02 4.819158e+03
4.598553e-02 4.819149e+03
4.598758e-02 4.819129e+03
4.598666e-02 4.819174e+03
4.598625e-02 4.819171e+03
4.598749e-02 4.819160e+03
4.598755e-02 4.819136e+03
4.598761e-02 4.819124e+03
4.598783e-02 4.819115e+03
4.598833e-02 4.819097e+03
4.598802e-02 4.819078e+03
4.598753e-02 4.819073e+03
4.598850e-02 4.819160e+03
4.598569e-02 4.819154e+03
4.598666e-02 4.819146e+03
4.598559e-02 4.819137e+03
4.598641e-02 4.819124e+03
4.598599e-02 4.819112e+03
4.598230e-02 4.819098e+03
4.598881e-02 4.819073e+03
4.598936e-02 4.819057e+03
4.598927e-02 4.819041e+03
4.598921e-02 4.819128e+03
4.599034e-02 4.819128e+03
4.598871e-02 4.819120e+03
4.599030e-02 4.819118e+03
4.598973e-02 4.819108e+03
4.598968e-02 4.819108e+03
4.598998e-02 4.819093e+03
4.598925e-02 4.819092e+03
4.599065e-02 4.819085e+03
4.599072e-02 4.819070e+03
4.599050e-02 4.819173e+03
4.599045e-02 4.819169e+03
4.599265e-02 4.819163e+03
4.599111e-02 4.819156e+03
4.599029e-02 4.819150e+03
4.599215e-02 4.819140e+03
4.599101e-02 4.819134e+03
4.599155e-02 4.819115e+03
4.599290e-02 4.819106e+03
4.599242e-02 4.819086e+03
4.599400e-02 4.819069e+03
4.599272e-02 4.819075e+03
4.599331e-02 4.819100e+03
4.599310e-02 4.819081e+03
4.599300e-02 4.819088e+03
4.599359e-02 4.819088e+03
4.599210e-02 4.819093e+03
4.599292e-02 4.819093e+03
4.599383e-02 4.819087e+03
4.599349e-02 4.819088e+03
4.599345e-02 4.819064e+03
4.599221e-02 4.819093e+03
4.599419e-02 4.819083e+03
4.599263e-02 4.819077e+03
4.599378e-02 4.819071e+03
4.599177e-02 4.819076e+03
4.599224e-02 4.819057e+03
4.599406e-02 4.819045e+03
4.599512e-02 4.819029e+03
4.599313e-02 4.819022e+03
4.599303e-02 4.819117e+03
4.599489e-02 4.819112e+03
4.599408e-02 4.819116e+03
4.599311e-02 4.819110e+03
4.599474e-02 4.819106e+03
4.599488e-02 4.819104e+03
4.599379e-02 4.819097e+03
4.599431e-02 4.819094e+03
4.599465e-02 4.819082e+03
4.599340e-02 4.819075e+03
4.599497e-02 4.819065e+03
4.599399e-02 4.819065e+03
4.599496e-02 4.819061e+03
4.599392e-02 4.819061e+03
4.599522e-02 4.819052e+03
4.599516e-02 4.819045e+03
4.599436e-02 4.819036e+03
4.599608e-02 4.819033e+03
4.599628e-02 4.819014e+03
4.599579e-02 4.819013e+03
4.599563e-02 4.819112e+03
4.599531e-02 4.819104e+03
4.599522e-02 4.819103e+03
4.599528e-02 4.819101e+03
4.599452e-02 4.819096e+03
4.599425e-02 4.819093e+03
4.599519e-02 4.819092e+03
4.599647e-02 4.819084e+03
4.599541e-02 4.819076e+03
4.599530e-02 4.819068e+03
4.599567e-02 4.819126e+03
4.599426e-02 4.819118e+03
4.599431e-02 4.819118e+03
4.599514e-02 4.819110e+03
4.599451e-02 4.819109e+03
4.599563e-02 4.819106e+03
4.599604e-02 4.819099e+03
4.599614e-02 4.819086e+03
4.599617e-02 4.819083e+03
4.599503e-02 4.819072e+03
4.599468e-02 4.819049e+03
4.599487e-02 4.819076e+03
4.599371e-02 4.819077e+03
4.599440e-02 4.819060e+03
4.599418e-02 4.819061e+03
4.599474e-02 4.819053e+03
4.599528e-02 4.819044e+03
4.599463e-02 4.819036e+03
4.599643e-02 4.819031e+03
4.599424e-02 4.819017e+03
4.599517e-02 4.819065e+03
4.599440e-02 4.819061e+03
4.599350e-02 4.819059e+03
4.599345e-02 4.819057e+03
4.599527e-02 4.819045e+03
4.599359e-02 4.819041e+03
4.599310e-02 4.819040e+03
4.599399e-02 4.819026e+03
4.599389e-02 4.819024e+03
4.599624e-02 4.819010e+03
4.599324e-02 4.819060e+03
4.599325e-02 4.819059e+03
4.599290e-02 4.819056e+03
4.599299e-02 4.819055e+03
4.599305e-02 4.819054e+03
4.599443e-02 4.819050e+03
4.599484e-02 4.819045e+03
4.599322e-02 4.819039e+03
4.599285e-02 4.819037e+03
4.599499e-02 4.819028e+03
4.599440e-02 4.819031e+03
4.599576e-02 4.819028e+03
4.599313e-02 4.819033e+03
4.599243e-02 4.819039e+03
4.599300e-02 4.819038e+03
4.599294e-02 4.819038e+03
4.599246e-02 4.819036e+03
4.599405e-02 4.819025e+03
4.599225e-02 4.819032e+03
4.599252e-02 4.819021e+03
4.599269e-02 4.819003e+03
4.599296e-02 4.818999e+03
4.599370e-02 4.819005e+03
4.599169e-02 4.819010e+03
4.599249e-02 4.819000e+03
4.599241e-02 4.819004e+03
4.599185e-02 4.818997e+03
4.599211e-02 4.818993e+03
4.599304e-02 4.818989e+03
4.599285e-02 4.818984e+03
4.599228e-02 4.819002e+03
4.599288e-02 4.818991e+03
4.599250e-02 4.819000e+03
4.599181e-02 4.818996e+03
4.599205e-02 4.819004e+03
4.599272e-02 4.819007e+03
4.599183e-02 4.819001e+03
4.599161e-02 4.819004e+03
4.599235e-02 4.819003e+03
4.599222e-02 4.819002e+03
4.599265e-02 4.818944e+03
4.599072e-02 4.818956e+03
4.599077e-02 4.818955e+03
4.599137e-02 4.818967e+03
4.599049e-02 4.818966e+03
4.598914e-02 4.818971e+03
4.599024e-02 4.818972e+03
4.598992e-02 4.818968e+03
4.598953e-02 4.818970e+03
4.598930e-02 4.818972e+03
4.599072e-02 4.818896e+03
4.599030e-02 4.818906e+03
4.598914e-02 4.818914e+03
4.598899e-02 4.818926e+03
4.598831e-02 4.818935e+03
4.598847e-02 4.818943e+03
4.598980e-02 4.818944e+03
4.598900e-02 4.818947e+03
4.598731e-02 4.818952e+03
4.598891e-02 4.818961e+03
4.598879e-02 4.818907e+03
4.598895e-02 4.818909e+03
4.598872e-02 4.818912e+03
4.598784e-02 4.818917e+03
4.598798e-02 4.818917e+03
4.598696e-02 4.818915e+03
4.598766e-02 4.818907e+03
4.598759e-02 4.818909e+03
4.598762e-02 4.818909e+03
4.598827e-02 4.818906e+03
4.598713e-02 4.818886e+03
4.598731e-02 4.818892e+03
4.598718e-02 4.818893e+03
4.598698e-02 4.818894e+03
4.598664e-02 4.818895e+03
4.598695e-02 4.818895e+03
4.598643e-02 4.818897e+03
4.598586e-02 4.818896e+03
4.598650e-02 4.818889e+03
4.598659e-02 4.818892e+03
4.598492e-02 4.818891e+03
4.598729e-02 4.818860e+03
4.598539e-02 4.818869e+03
4.598730e-02 4.818878e+03
4.598552e-02 4.818889e+03
4.598503e-02 4.818894e+03
4.598467e-02 4.818906e+03
4.598482e-02 4.818910e+03
4.598400e-02 4.818923e+03
4.598418e-02 4.818926e+03
4.598641e-02 4.818805e+03
4.598338e-02 4.818805e+03
4.598281e-02 4.818818e+03
4.598370e-02 4.818822e+03
4.598283e-02 4.818834e+03
4.598205e-02 4.818837e+03
4.598251e-02 4.818837e+03
4.598232e-02 4.818842e+03
4.598251e-02 4.818849e+03
4.598249e-02 4.818849e+03
4.598157e-02 4.818700e+03
4.598362e-02 4.818706e+03
4.598072e-02 4.818716e+03
4.598170e-02 4.818725e+03
4.597917e-02 4.818732e+03
4.598214e-02 4.818739e+03
4.597895e-02 4.818745e+03
4.598140e-02 4.818754e+03
4.598075e-02 4.818759e+03
4.597894e-02 4.818761e+03
4.598417e-02 4.818706e+03
4.598029e-02 4.818706e+03
4.598168e-02 4.818720e+03
4.598069e-02 4.818725e+03
4.597882e-02 4.818734e+03
4.598076e-02 4.818740e+03
4.598000e-02 4.818742e+03
4.597993e-02 4.818740e+03
4.597712e-02 4.818749e+03
4.597793e-02 4.818748e+03
4.598226e-02 4.818599e+03
4.597917e-02 4.818602e+03
4.598241e-02 4.818629e+03
4.597758e-02 4.818637e+03
4.597498e-02 4.818646e+03
4.597697e-02 4.818657e+03
4.597460e-02 4.818670e+03
4.597549e-02 4.818677e+03
4.597454e-02 4.818691e+03
4.598404e-02 4.818686e+03
4.597266e-02 4.818624e+03
4.597734e-02 4.818573e+03
4.597473e-02 4.818588e+03
4.597519e-02 4.818606e+03
4.597325e-02 4.818614e+03
4.597206e-02 4.818634e+03
4.597180e-02 4.818642e+03
4.597116e-02 4.818658e+03
4.597121e-02 4.818660e+03
4.597166e-02 4.818666e+03
4.597387e-02 4.818537e+03
4.597309e-02 4.818553e+03
4.597123e-02 4.818565e+03
4.596942e-02 4.818572e+03
4.597066e-02 4.818588e+03
4.596893e-02 4.818596e+03
4.597044e-02 4.818603e+03
4.596797e-02 4.818617e+03
4.596901e-02 4.818621e+03
4.596789e-02 4.818624e+03
4.597226e-02 4.818535e+03
4.597098e-02 4.818544e+03
4.597459e-02 4.818553e+03
4.596723e-02 4.818560e+03
4.596756e-02 4.818565e+03
4.596804e-02 4.818575e+03
4.596720e-02 4.818579e+03
4.596968e-02 4.818587e+03
4.596693e-02 4.818582e+03
4.596989e-02 4.818587e+03
4.596835e-02 4.818470e+03
4.596565e-02 4.818475e+03
4.596482e-02 4.818488e+03
4.596429e-02 4.818492e+03
4.596467e-02 4.818522e+03
4.596361e-02 4.818514e+03
4.596312e-02 4.818527e+03
4.596060e-02 4.818522e+03
4.596087e-02 4.818536e+03
4.596222e-02 4.818537e+03
4.596821e-02 4.818426e+03
4.597162e-02 4.818446e+03
4.596487e-02 4.818466e+03
4.596573e-02 4.818479e+03
4.596238e-02 4.818488e+03
4.595994e-02 4.818504e+03
4.596015e-02 4.818508e+03
4.596010e-02 4.818530e+03
4.595968e-02 4.818529e+03
4.595895e-02 4.818542e+03
4.595931e-02 4.818493e+03
4.596457e-02 4.818456e+03
4.596167e-02 4.818464e+03
4.596177e-02 4.818485e+03
4.595906e-02 4.818490e+03
4.595651e-02 4.818496e+03
4.595394e-02 4.818502e+03
4.595636e-02 4.818509e+03
4.595669e-02 4.818525e+03
4.595956e-02 4.818523e+03
4.596465e-02 4.818328e+03
4.596148e-02 4.818351e+03
4.595875e-02 4.818366e+03
4.595649e-02 4.818390e+03
4.595636e-02 4.818404e+03
4.595603e-02 4.818420e+03
4.595246e-02 4.818435e+03
4.595248e-02 4.818451e+03
4.595119e-02 4.818468e+03
4.594825e-02 4.818474e+03
4.596491e-02 4.818408e+03
4.595902e-02 4.818419e+03
4.595379e-02 4.818431e+03
4.595576e-02 4.818452e+03
4.595188e-02 4.818460e+03
4.595154e-02 4.818466e+03
4.594939e-02 4.818486e+03
4.594685e-02 4.818497e+03
4.594604e-02 4.818511e+03
4.594770e-02 4.818519e+03
4.595668e-02 4.818382e+03
4.595481e-02 4.818410e+03
4.595298e-02 4.818429e+03
4.594755e-02 4.818441e+03
4.594626e-02 4.818465e+03
4.594577e-02 4.818489e+03
4.594530e-02 4.818508e+03
4.594427e-02 4.818541e+03
4.594344e-02 4.818541e+03
4.594207e-02 4.818566e+03
4.595106e-02 4.818360e+03
4.594740e-02 4.818380e+03
4.594625e-02 4.818410e+03
4.594447e-02 4.818433e+03
4.594271e-02 4.818459e+03
4.594053e-02 4.818478e+03
4.593979e-02 4.818511e+03
4.593832e-02 4.818526e+03
4.593879e-02 4.818551e+03
4.593463e-02 4.818568e+03
4.593588e-02 4.818518e+03
4.594394e-02 4.818418e+03
4.594033e-02 4.818446e+03
4.593812e-02 4.818488e+03
4.593663e-02 4.818515e+03
4.593512e-02 4.818522e+03
4.593485e-02 4.818552e+03
4.593376e-02 4.818582e+03
4.593317e-02 4.818598e+03
4.593304e-02 4.818621e+03
