4.598384e-02 4.819577e+03
4.598339e-02 4.819557e+03
4.598420e-02 4.819543e+03
4.597943e-02 4.819530e+03
4.598740e-02 4.819504e+03
4.598335e-02 4.819495e+03
4.598307e-02 4.819480e+03
4.598578e-02 4.819453e+03
4.598599e-02 4.819431e+03
4.598719e-02 4.819409e+03
4.598677e-02 4.819533e+03
4.598825e-02 4.819507e+03
4.598648e-02 4.819505e+03
4.598634e-02 4.819486e+03
4.598655e-02 4.819482e+03
4.598677e-02 4.819463e+03
4.598735e-02 4.819446e+03
4.598902e-02 4.819431e+03
4.598762e-02 4.819413e+03
4.598889e-02 4.819385e+03
4.599013e-02 4.819408e+03
4.598815e-02 4.819392e+03
4.599003e-02 4.819379e+03
4.599153e-02 4.819364e+03
4.598992e-02 4.819352e+03
4.599037e-02 4.819342e+03
4.599095e-02 4.819315e+03
4.599015e-02 4.819303e+03
4.598912e-02 4.819295e+03
4.599361e-02 4.819256e+03
4.599130e-02 4.819400e+03
4.599269e-02 4.819389e+03
4.599088e-02 4.819389e+03
4.599092e-02 4.819374e+03
4.599105e-02 4.819361e+03
4.599123e-02 4.819358e+03
4.599197e-02 4.819345e+03
4.599350e-02 4.819327e+03
4.599145e-02 4.819317e+03
4.599292e-02 4.819307e+03
4.599533e-02 4.819291e+03
4.599219e-02 4.819348e+03
4.599533e-02 4.819323e+03
4.599545e-02 4.819312e+03
4.599547e-02 4.819306e+03
4.599533e-02 4.819296e+03
4.599437e-02 4.819287e+03
4.599533e-02 4.819267e+03
4.599493e-02 4.819258e+03
4.599573e-02 4.819243e+03
4.599552e-02 4.819293e+03
4.599600e-02 4.819287e+03
4.599641e-02 4.819278e+03
4.599632e-02 4.819270e+03
4.599611e-02 4.819254e+03
4.599526e-02 4.819248e+03
4.599705e-02 4.819234e+03
4.599676e-02 4.819220e+03
4.599775e-02 4.819213e+03
4.599660e-02 4.819199e+03
4.599851e-02 4.819280e+03
4.599733e-02 4.819275e+03
4.599769e-02 4.819268e+03
4.599814e-02 4.819257e+03
4.599724e-02 4.819247e+03
4.599891e-02 4.819232e+03
4.599839e-02 4.819227e+03
4.599997e-02 4.819206e+03
4.599968e-02 4.819195e+03
4.599943e-02 4.819183e+03
4.599802e-02 4.819231e+03
4.599903e-02 4.819224e+03
4.599899e-02 4.819214e+03
4.599926e-02 4.819209e+03
4.599891e-02 4.819203e+03
4.600025e-02 4.819189e+03
4.600024e-02 4.819187e+03
4.600080e-02 4.819174e+03
4.600044e-02 4.819166e+03
4.600128e-02 4.819150e+03
4.599565e-02 4.819236e+03
4.599993e-02 4.819225e+03
4.600000e-02 4.819221e+03
4.600026e-02 4.819209e+03
4.600055e-02 4.819205e+03
4.600157e-02 4.819191e+03
4.600060e-02 4.819179e+03
4.600019e-02 4.819167e+03
4.600248e-02 4.819156e+03
4.600132e-02 4.819142e+03
4.600229e-02 4.819196e+03
4.600241e-02 4.819243e+03
4.600077e-02 4.819237e+03
4.600218e-02 4.819225e+03
4.600268e-02 4.819207e+03
4.600093e-02 4.819205e+03
4.600147e-02 4.819187e+03
4.600294e-02 4.819172e+03
4.600306e-02 4.819159e+03
4.600177e-02 4.819148e+03
4.600210e-02 4.819191e+03
4.600187e-02 4.819179e+03
4.600329e-02 4.819177e+03
4.600244e-02 4.819175e+03
4.600234e-02 4.819178e+03
4.600091e-02 4.819168e+03
4.600302e-02 4.819158e+03
4.600137e-02 4.819149e+03
4.600198e-02 4.819147e+03
4.600357e-02 4.819130e+03
4.600221e-02 4.819244e+03
4.600208e-02 4.819238e+03
4.600277e-02 4.819233e+03
4.600276e-02 4.819234e+03
4.600246e-02 4.819225e+03
4.600301e-02 4.819227e+03
4.600176e-02 4.819220e+03
4.600224e-02 4.819211e+03
4.600272e-02 4.819206e+03
4.600208e-02 4.819196e+03
4.600379e-02 4.819200e+03
4.599957e-02 4.819210e+03
4.600356e-02 4.819204e+03
4.600299e-02 4.819199e+03
4.600251e-02 4.819205e+03
4.600374e-02 4.819195e+03
4.600284e-02 4.819197e+03
4.600232e-02 4.819185e+03
4.600281e-02 4.819180e+03
4.600415e-02 4.819173e+03
4.600377e-02 4.819215e+03
4.600312e-02 4.819213e+03
4.600328e-02 4.819213e+03
4.600346e-02 4.819206e+03
4.600337e-02 4.819207e+03
4.600251e-02 4.819204e+03
4.600425e-02 4.819192e+03
4.600354e-02 4.819194e+03
4.600307e-02 4.819185e+03
4.600413e-02 4.819176e+03
4.600332e-02 4.819209e+03
4.600243e-02 4.819209e+03
4.600347e-02 4.819211e+03
4.600344e-02 4.819216e+03
4.600394e-02 4.819215e+03
4.600320e-02 4.819214e+03
4.600384e-02 4.819210e+03
4.600315e-02 4.819207e+03
4.600196e-02 4.819203e+03
4.600232e-02 4.819195e+03
4.600391e-02 4.819173e+03
4.600449e-02 4.819176e+03
4.600144e-02 4.819184e+03
4.600057e-02 4.819187e+03
4.600274e-02 4.819185e+03
4.600145e-02 4.819183e+03
4.600336e-02 4.819178e+03
4.600304e-02 4.819171e+03
4.600291e-02 4.819167e+03
4.600215e-02 4.819166e+03
4.600240e-02 4.819165e+03
4.600049e-02 4.819161e+03
4.600118e-02 4.819156e+03
4.600288e-02 4.819148e+03
4.600053e-02 4.819147e+03
4.600280e-02 4.819133e+03
4.600181e-02 4.819126e+03
4.600282e-02 4.819117e+03
4.600156e-02 4.819108e+03
4.600242e-02 4.819098e+03
4.600220e-02 4.819161e+03
4.600288e-02 4.819157e+03
4.600271e-02 4.819154e+03
4.600215e-02 4.819151e+03
4.600220e-02 4.819154e+03
4.600167e-02 4.819148e+03
4.600059e-02 4.819143e+03
4.600244e-02 4.819137e+03
4.600274e-02 4.819131e+03
4.600165e-02 4.819125e+03
4.600152e-02 4.819136e+03
4.600135e-02 4.819134e+03
4.600102e-02 4.819139e+03
4.600060e-02 4.819127e+03
4.600066e-02 4.819128e+03
4.600078e-02 4.819122e+03
4.599980e-02 4.819125e+03
4.600170e-02 4.819117e+03
4.600075e-02 4.819120e+03
4.600006e-02 4.819105e+03
4.600002e-02 4.819092e+03
4.600031e-02 4.819095e+03
4.599995e-02 4.819085e+03
4.600014e-02 4.819091e+03
4.600041e-02 4.819089e+03
4.599956e-02 4.819093e+03
4.599984e-02 4.819096e+03
4.600009e-02 4.819097e+03
4.600042e-02 4.819089e+03
4.599882e-02 4.819094e+03
4.600070e-02 4.819096e+03
4.599865e-02 4.819103e+03
4.599901e-02 4.819104e+03
4.599745e-02 4.819099e+03
4.599874e-02 4.819102e+03
4.599996e-02 4.819096e+03
4.599973e-02 4.819097e+03
4.599993e-02 4.819095e+03
4.599896e-02 4.819092e+03
4.599966e-02 4.819087e+03
4.599885e-02 4.819048e+03
4.599828e-02 4.819061e+03
4.599897e-02 4.819056e+03
4.599928e-02 4.819068e+03
4.599910e-02 4.819063e+03
4.599841e-02 4.819072e+03
4.599850e-02 4.819070e+03
4.599743e-02 4.819076e+03
4.599825e-02 4.819073e+03
4.599672e-02 4.819074e+03
4.599684e-02 4.819006e+03
4.599808e-02 4.819010e+03
4.599755e-02 4.819018e+03
4.599633e-02 4.819023e+03
4.599796e-02 4.819026e+03
4.599818e-02 4.819026e+03
4.599524e-02 4.819041e+03
4.599600e-02 4.819036e+03
4.599488e-02 4.819037e+03
4.599439e-02 4.819040e+03
4.599643e-02 4.818958e+03
4.599530e-02 4.818962e+03
4.599313e-02 4.818963e+03
4.599514e-02 4.818971e+03
4.599386e-02 4.818971e+03
4.599255e-02 4.818976e+03
4.599447e-02 4.818968e+03
4.599433e-02 4.818972e+03
4.599500e-02 4.818968e+03
4.599312e-02 4.818960e+03
4.599292e-02 4.818992e+03
4.599291e-02 4.818971e+03
4.599400e-02 4.818985e+03
4.599390e-02 4.818979e+03
4.599336e-02 4.818992e+03
4.599238e-02 4.818992e+03
4.599304e-02 4.818995e+03
4.599293e-02 4.818995e+03
4.599263e-02 4.818994e+03
4.599159e-02 4.818994e+03
4.599286e-02 4.818872e+03
4.599262e-02 4.818880e+03
4.599219e-02 4.818891e+03
4.599193e-02 4.818903e+03
4.599170e-02 4.818913e+03
4.599071e-02 4.818917e+03
4.599117e-02 4.818920e+03
4.599037e-02 4.818924e+03
4.598939e-02 4.818938e+03
4.599077e-02 4.818932e+03
4.599041e-02 4.818863e+03
4.599101e-02 4.818868e+03
4.599079e-02 4.818876e+03
4.598997e-02 4.818882e+03
4.598941e-02 4.818888e+03
4.598909e-02 4.818883e+03
4.598831e-02 4.818898e+03
4.598795e-02 4.818897e+03
4.598883e-02 4.818902e+03
4.598864e-02 4.818897e+03
4.598973e-02 4.818748e+03
4.598857e-02 4.818766e+03
4.598680e-02 4.818775e+03
4.598606e-02 4.818780e+03
4.598776e-02 4.818788e+03
4.598648e-02 4.818794e+03
4.598619e-02 4.818797e+03
4.598732e-02 4.818803e+03
4.598673e-02 4.818803e+03
4.598523e-02 4.818811e+03
4.598746e-02 4.818766e+03
4.598512e-02 4.818777e+03
4.598542e-02 4.818787e+03
4.598541e-02 4.818791e+03
4.598398e-02 4.818805e+03
4.598383e-02 4.818806e+03
4.598443e-02 4.818807e+03
4.598525e-02 4.818814e+03
4.598382e-02 4.818809e+03
4.598379e-02 4.818814e+03
4.598491e-02 4.818699e+03
4.598401e-02 4.818708e+03
4.598433e-02 4.818712e+03
4.598406e-02 4.818734e+03
4.598363e-02 4.818729e+03
4.598411e-02 4.818739e+03
4.598265e-02 4.818741e+03
4.598239e-02 4.818746e+03
4.598738e-02 4.818750e+03
4.597989e-02 4.818752e+03
4.598200e-02 4.818657e+03
4.598159e-02 4.818661e+03
4.598112e-02 4.818666e+03
4.598072e-02 4.818684e+03
4.598551e-02 4.818692e+03
4.598103e-02 4.818701e+03
4.597800e-02 4.818703e+03
4.597780e-02 4.818710e+03
4.597685e-02 4.818715e+03
4.597800e-02 4.818727e+03
4.597977e-02 4.818605e+03
4.597918e-02 4.818616e+03
4.597914e-02 4.818623e+03
4.597851e-02 4.818631e+03
4.597788e-02 4.818647e+03
4.597594e-02 4.818654e+03
4.597625e-02 4.818657e+03
4.597647e-02 4.818670e+03
4.597599e-02 4.818672e+03
4.597540e-02 4.818676e+03
4.597691e-02 4.818592e+03
4.597612e-02 4.818614e+03
4.597573e-02 4.818621e+03
4.597438e-02 4.818629e+03
4.597298e-02 4.818645e+03
4.597418e-02 4.818653e+03
4.597249e-02 4.818661e+03
4.597273e-02 4.818663e+03
4.597231e-02 4.818681e+03
4.597215e-02 4.818682e+03
4.597367e-02 4.818559e+03
4.597250e-02 4.818580e+03
4.597095e-02 4.818585e+03
4.597117e-02 4.818602e+03
4.597100e-02 4.818616e+03
4.597014e-02 4.818622e+03
4.596992e-02 4.818636e+03
4.596919e-02 4.818645e+03
4.596878e-02 4.818652e+03
4.596839e-02 4.818664e+03
4.596695e-02 4.818530e+03
4.597067e-02 4.818496e+03
4.596829e-02 4.818502e+03
4.596841e-02 4.818511e+03
4.596739e-02 4.818526e+03
4.596584e-02 4.818533e+03
4.596588e-02 4.818542e+03
4.596651e-02 4.818547e+03
4.596595e-02 4.818561e+03
4.596537e-02 4.818567e+03
4.596879e-02 4.818438e+03
4.597204e-02 4.818461e+03
4.596655e-02 4.818478e+03
4.596505e-02 4.818502e+03
4.596467e-02 4.818514e+03
4.596408e-02 4.818526e+03
4.596309e-02 4.818545e+03
4.596190e-02 4.818564e+03
4.596113e-02 4.818579e+03
4.596096e-02 4.818589e+03
4.596373e-02 4.818469e+03
4.596387e-02 4.818486e+03
4.596270e-02 4.818507e+03
4.596087e-02 4.818522e+03
4.595938e-02 4.818546e+03
4.595968e-02 4.818561e+03
4.595827e-02 4.818581e+03
4.595700e-02 4.818591e+03
4.595727e-02 4.818604e+03
4.595556e-02 4.818619e+03
4.596169e-02 4.818449e+03
4.596351e-02 4.818481e+03
4.595860e-02 4.818490e+03
4.595792e-02 4.818513e+03
4.595646e-02 4.818542e+03
4.595409e-02 4.818561e+03
4.595504e-02 4.818580e+03
4.595518e-02 4.818596e+03
4.595348e-02 4.818618e+03
4.595516e-02 4.818636e+03
4.595761e-02 4.818459e+03
4.595361e-02 4.818489e+03
4.595275e-02 4.818507e+03
4.595064e-02 4.818525e+03
4.595037e-02 4.818545e+03
4.595067e-02 4.818561e+03
4.594977e-02 4.818576e+03
4.594790e-02 4.818595e+03
4.594951e-02 4.818611e+03
4.595106e-02 4.818629e+03
4.594754e-02 4.818594e+03
4.595124e-02 4.818511e+03
4.594732e-02 4.818542e+03
4.594775e-02 4.818565e+03
4.594784e-02 4.818582e+03
4.594616e-02 4.818606e+03
4.594660e-02 4.818629e+03
4.594560e-02 4.818651e+03
4.594570e-02 4.818665e+03
4.594963e-02 4.818685e+03
