-2.5000e-07 1.0000e-04 6.2696e+01 8.1684e+00
-1.6667e-07 -2.0000e-04 1.5844e+02 8.2815e+00
-8.3333e-08 -4.3333e-04 2.5355e+02 8.3886e+00
-8.3333e-08 -4.3333e-04 3.5189e+02 8.4898e+00
-8.3333e-08 -4.3333e-04 4.4955e+02 8.5850e+00
-1.2281e-19 -6.6667e-04 5.4833e+02 8.6743e+00
-6.6383e-21 -6.6667e-04 6.4867e+02 8.7576e+00
-7.3021e-20 -6.6667e-04 7.4900e+02 8.8350e+00
-5.3106e-20 -5.3333e-04 8.5023e+02 8.9064e+00
8.3333e-08 -7.6667e-04 9.5268e+02 8.9719e+00
8.3333e-08 -7.6667e-04 1.0563e+03 9.0314e+00
-1.3940e-19 -3.3333e-04 1.1588e+03 9.0850e+00
8.3333e-08 -5.6667e-04 1.2623e+03 9.1326e+00
1.6667e-07 -8.6667e-04 1.3677e+03 9.1743e+00
8.3333e-08 -5.6667e-04 1.4719e+03 9.2100e+00
1.6667e-07 -8.0000e-04 1.5774e+03 9.2397e+00
1.6667e-07 -6.6667e-04 1.6816e+03 9.2635e+00
8.3333e-08 -2.3333e-04 1.7871e+03 9.2814e+00
1.6667e-07 -5.3333e-04 1.8932e+03 9.2933e+00
1.6667e-07 -5.3333e-04 1.9982e+03 9.2993e+00
1.6667e-07 -5.3333e-04 2.1042e+03 9.2993e+00
1.6667e-07 -4.6667e-04 2.2099e+03 9.2933e+00
1.6667e-07 -3.3333e-04 2.3151e+03 9.2814e+00
1.6667e-07 -3.3333e-04 2.4218e+03 9.2635e+00
1.6667e-07 -2.0000e-04 2.5260e+03 9.2397e+00
1.6667e-07 -2.0000e-04 2.6330e+03 9.2100e+00
1.6667e-07 -1.3333e-04 2.7367e+03 9.1743e+00
1.6667e-07 1.8754e-15 2.8416e+03 9.1326e+00
1.6667e-07 -3.8431e-16 2.9453e+03 9.0850e+00
2.5000e-07 -2.3333e-04 3.0487e+03 9.0314e+00
2.5000e-07 -2.3333e-04 3.1527e+03 8.9719e+00
2.5000e-07 -1.0000e-04 3.2553e+03 8.9064e+00
2.5000e-07 -1.0000e-04 3.3570e+03 8.8350e+00
3.3333e-07 -3.3333e-04 3.4568e+03 8.7576e+00
3.3333e-07 -3.3333e-04 3.5577e+03 8.6743e+00
3.3333e-07 -3.3333e-04 3.6577e+03 8.5850e+00
2.5000e-07 1.0000e-04 3.7552e+03 8.4898e+00
4.1667e-07 -4.3333e-04 3.8531e+03 8.3886e+00
3.3333e-07 -1.3333e-04 3.9500e+03 8.2815e+00
2.5000e-07 3.3333e-05 4.0469e+03 8.1684e+00
