-2.5000e-07 -5.6667e-04 6.8029e+01 8.1684e+00
-1.6667e-07 -8.6667e-04 1.6411e+02 8.2815e+00
-2.5000e-07 -4.3333e-04 2.5993e+02 8.3886e+00
-1.6667e-07 -6.6667e-04 3.5738e+02 8.4898e+00
-1.6667e-07 -6.6667e-04 4.5538e+02 8.5850e+00
-1.2613e-19 -1.3333e-03 5.5433e+02 8.6743e+00
-8.9617e-20 -1.2000e-03 6.5523e+02 8.7576e+00
-5.9745e-20 -1.1333e-03 7.5560e+02 8.8350e+00
8.3333e-08 -1.4333e-03 8.5701e+02 8.9064e+00
-8.3333e-08 -7.0000e-04 9.5875e+02 8.9719e+00
-8.6298e-20 -1.0000e-03 1.0618e+03 9.0314e+00
8.3333e-08 -1.2333e-03 1.1656e+03 9.0850e+00
1.6596e-19 -8.6667e-04 1.2687e+03 9.1326e+00
8.3333e-08 -1.1000e-03 1.3738e+03 9.1743e+00
8.3333e-08 -1.1000e-03 1.4778e+03 9.2100e+00
-1.3277e-19 -6.6667e-04 1.5833e+03 9.2397e+00
8.3333e-08 -9.0000e-04 1.6891e+03 9.2635e+00
8.3333e-08 -7.6667e-04 1.7937e+03 9.2814e+00
1.6667e-07 -1.1333e-03 1.9006e+03 9.2933e+00
1.6667e-07 -1.0000e-03 2.0055e+03 9.2993e+00
-1.3277e-20 -3.3333e-04 2.1118e+03 9.2993e+00
8.3333e-08 -5.6667e-04 2.2179e+03 9.2933e+00
1.6667e-07 -8.0000e-04 2.3231e+03 9.2814e+00
8.3333e-08 -4.3333e-04 2.4292e+03 9.2635e+00
1.6667e-07 -6.6667e-04 2.5346e+03 9.2397e+00
8.3333e-08 -2.3333e-04 2.6398e+03 9.2100e+00
1.6667e-07 -5.3333e-04 2.7455e+03 9.1743e+00
1.6667e-07 -5.3333e-04 2.8495e+03 9.1326e+00
1.6667e-07 -4.6667e-04 2.9536e+03 9.0850e+00
2.5000e-07 -7.6667e-04 3.0573e+03 9.0314e+00
2.5000e-07 -5.6667e-04 3.1606e+03 8.9719e+00
2.5000e-07 -5.6667e-04 3.2632e+03 8.9064e+00
1.6667e-07 -2.0000e-04 3.3647e+03 8.8350e+00
3.3333e-07 -8.0000e-04 3.4657e+03 8.7576e+00
3.3333e-07 -6.6667e-04 3.5666e+03 8.6743e+00
3.3333e-07 -6.6667e-04 3.6659e+03 8.5850e+00
3.3333e-07 -6.6667e-04 3.7643e+03 8.4898e+00
3.3333e-07 -4.6667e-04 3.8615e+03 8.3886e+00
4.1667e-07 -7.6667e-04 3.9586e+03 8.2815e+00
1.6667e-07 1.3333e-04 4.0535e+03 8.1684e+00
