7.357034e-02 7.754101e+03
7.357253e-02 7.754078e+03
7.357251e-02 7.754064e+03
7.357307e-02 7.754042e+03
7.357558e-02 7.753997e+03
7.357696e-02 7.753995e+03
7.357582e-02 7.753974e+03
7.357702e-02 7.753939e+03
7.357199e-02 7.753895e+03
7.357233e-02 7.753862e+03
7.357788e-02 7.754081e+03
7.358037e-02 7.754041e+03
7.357788e-02 7.754044e+03
7.358424e-02 7.754018e+03
7.358163e-02 7.754021e+03
7.358331e-02 7.753983e+03
7.358547e-02 7.753963e+03
7.358743e-02 7.753938e+03
7.358311e-02 7.753905e+03
7.358632e-02 7.753867e+03
7.358289e-02 7.753913e+03
7.359081e-02 7.753903e+03
7.358913e-02 7.753890e+03
7.358520e-02 7.753857e+03
7.358366e-02 7.753843e+03
7.358496e-02 7.753836e+03
7.358709e-02 7.753784e+03
7.358991e-02 7.753779e+03
7.359069e-02 7.753782e+03
7.359118e-02 7.753705e+03
7.358364e-02 7.753929e+03
7.358890e-02 7.753922e+03
7.358572e-02 7.753924e+03
7.358475e-02 7.753903e+03
7.358728e-02 7.753883e+03
7.359000e-02 7.753893e+03
7.359153e-02 7.753871e+03
7.359041e-02 7.753849e+03
7.358848e-02 7.753827e+03
7.359113e-02 7.753810e+03
7.359539e-02 7.753832e+03
7.358897e-02 7.753905e+03
7.359543e-02 7.753858e+03
7.360249e-02 7.753837e+03
7.359383e-02 7.753850e+03
7.359696e-02 7.753830e+03
7.359463e-02 7.753824e+03
7.359981e-02 7.753787e+03
7.359808e-02 7.753775e+03
7.359534e-02 7.753755e+03
7.359255e-02 7.753836e+03
7.359517e-02 7.753829e+03
7.359392e-02 7.753821e+03
7.359770e-02 7.753811e+03
7.359779e-02 7.753790e+03
7.359735e-02 7.753781e+03
7.360078e-02 7.753762e+03
7.358897e-02 7.753749e+03
7.359793e-02 7.753737e+03
7.360053e-02 7.753714e+03
7.359807e-02 7.753857e+03
7.359762e-02 7.753853e+03
7.360105e-02 7.753844e+03
7.359947e-02 7.753831e+03
7.360168e-02 7.753823e+03
7.360185e-02 7.753789e+03
7.360202e-02 7.753793e+03
7.360378e-02 7.753760e+03
7.360332e-02 7.753750e+03
7.360237e-02 7.753730e+03
7.360611e-02 7.753815e+03
7.360248e-02 7.753812e+03
7.360386e-02 7.753795e+03
7.360332e-02 7.753793e+03
7.360612e-02 7.753791e+03
7.360691e-02 7.753768e+03
7.360650e-02 7.753768e+03
7.360633e-02 7.753751e+03
7.360599e-02 7.753739e+03
7.360462e-02 7.753718e+03
7.360659e-02 7.753876e+03
7.360555e-02 7.753855e+03
7.360373e-02 7.753848e+03
7.360433e-02 7.753834e+03
7.360763e-02 7.753826e+03
7.360624e-02 7.753810e+03
7.360798e-02 7.753791e+03
7.360838e-02 7.753779e+03
7.360775e-02 7.753763e+03
7.360749e-02 7.753745e+03
7.361045e-02 7.753854e+03
7.360942e-02 7.753923e+03
7.360874e-02 7.753910e+03
7.361038e-02 7.753899e+03
7.361052e-02 7.753876e+03
7.360818e-02 7.753866e+03
7.360989e-02 7.753842e+03
7.361374e-02 7.753827e+03
7.361085e-02 7.753812e+03
7.361156e-02 7.753791e+03
7.361249e-02 7.753875e+03
7.361116e-02 7.753869e+03
7.361003e-02 7.753859e+03
7.361283e-02 7.753860e+03
7.361097e-02 7.753869e+03
7.361262e-02 7.753853e+03
7.361307e-02 7.753845e+03
7.361139e-02 7.753830e+03
7.361179e-02 7.753829e+03
7.361688e-02 7.753817e+03
7.361586e-02 7.753998e+03
7.361240e-02 7.753989e+03
7.361018e-02 7.753986e+03
7.361227e-02 7.753988e+03
7.361038e-02 7.753981e+03
7.361289e-02 7.753988e+03
7.361369e-02 7.753976e+03
7.361655e-02 7.753966e+03
7.361342e-02 7.753963e+03
7.361227e-02 7.753953e+03
7.361558e-02 7.753971e+03
7.361442e-02 7.754003e+03
7.361423e-02 7.753979e+03
7.360970e-02 7.753982e+03
7.361193e-02 7.753984e+03
7.361070e-02 7.753981e+03
7.361449e-02 7.753998e+03
7.361639e-02 7.753961e+03
7.361649e-02 7.753964e+03
7.361271e-02 7.753958e+03
7.361848e-02 7.754027e+03
7.361618e-02 7.754031e+03
7.361478e-02 7.754038e+03
7.361731e-02 7.754030e+03
7.361782e-02 7.754037e+03
7.361705e-02 7.754033e+03
7.361696e-02 7.754019e+03
7.361829e-02 7.754024e+03
7.361883e-02 7.754014e+03
7.361783e-02 7.754000e+03
7.361791e-02 7.754084e+03
7.361767e-02 7.754078e+03
7.361855e-02 7.754081e+03
7.361772e-02 7.754088e+03
7.361866e-02 7.754089e+03
7.361811e-02 7.754088e+03
7.361829e-02 7.754087e+03
7.361868e-02 7.754087e+03
7.361665e-02 7.754078e+03
7.361675e-02 7.754072e+03
7.361768e-02 7.754049e+03
7.361920e-02 7.754053e+03
7.361532e-02 7.754074e+03
7.361272e-02 7.754072e+03
7.361707e-02 7.754082e+03
7.361772e-02 7.754079e+03
7.361528e-02 7.754079e+03
7.361978e-02 7.754071e+03
7.361753e-02 7.754067e+03
7.361622e-02 7.754073e+03
7.361356e-02 7.754086e+03
7.361492e-02 7.754075e+03
7.361572e-02 7.754070e+03
7.361891e-02 7.754060e+03
7.361666e-02 7.754061e+03
7.361718e-02 7.754048e+03
7.361780e-02 7.754032e+03
7.361900e-02 7.754022e+03
7.361777e-02 7.754014e+03
7.362042e-02 7.754005e+03
7.361835e-02 7.754108e+03
7.361726e-02 7.754109e+03
7.361892e-02 7.754106e+03
7.361777e-02 7.754108e+03
7.361908e-02 7.754112e+03
7.361746e-02 7.754110e+03
7.361838e-02 7.754100e+03
7.361717e-02 7.754100e+03
7.362142e-02 7.754090e+03
7.361863e-02 7.754079e+03
7.361713e-02 7.754110e+03
7.361811e-02 7.754111e+03
7.361717e-02 7.754127e+03
7.361774e-02 7.754111e+03
7.361781e-02 7.754115e+03
7.361685e-02 7.754109e+03
7.361780e-02 7.754117e+03
7.361803e-02 7.754110e+03
7.361710e-02 7.754114e+03
7.361931e-02 7.754092e+03
7.361701e-02 7.754101e+03
7.361650e-02 7.754100e+03
7.361986e-02 7.754082e+03
7.363085e-02 7.754075e+03
7.361409e-02 7.754097e+03
7.361767e-02 7.754102e+03
7.361805e-02 7.754116e+03
7.361488e-02 7.754119e+03
7.361752e-02 7.754109e+03
7.361575e-02 7.754117e+03
7.361487e-02 7.754132e+03
7.361732e-02 7.754146e+03
7.361381e-02 7.754152e+03
7.361676e-02 7.754150e+03
7.361442e-02 7.754159e+03
7.361396e-02 7.754154e+03
7.361392e-02 7.754154e+03
7.361226e-02 7.754158e+03
7.361746e-02 7.754158e+03
7.361231e-02 7.754150e+03
7.361313e-02 7.754093e+03
7.361399e-02 7.754117e+03
7.361510e-02 7.754116e+03
7.361177e-02 7.754144e+03
7.361421e-02 7.754137e+03
7.361121e-02 7.754154e+03
7.361378e-02 7.754154e+03
7.361616e-02 7.754162e+03
7.361441e-02 7.754160e+03
7.361335e-02 7.754167e+03
7.361400e-02 7.754067e+03
7.361696e-02 7.754082e+03
7.361279e-02 7.754096e+03
7.361635e-02 7.754106e+03
7.361589e-02 7.754116e+03
7.361247e-02 7.754126e+03
7.361076e-02 7.754152e+03
7.361161e-02 7.754139e+03
7.361409e-02 7.754144e+03
7.361228e-02 7.754152e+03
7.361514e-02 7.754032e+03
7.361316e-02 7.754040e+03
7.361158e-02 7.754053e+03
7.360994e-02 7.754070e+03
7.361098e-02 7.754075e+03
7.360710e-02 7.754081e+03
7.360998e-02 7.754068e+03
7.361051e-02 7.754084e+03
7.361050e-02 7.754075e+03
7.361015e-02 7.754067e+03
7.360807e-02 7.754144e+03
7.358642e-02 7.754064e+03
7.360786e-02 7.754128e+03
7.360928e-02 7.754117e+03
7.360829e-02 7.754141e+03
7.360576e-02 7.754146e+03
7.360830e-02 7.754150e+03
7.360973e-02 7.754154e+03
7.360898e-02 7.754159e+03
7.360681e-02 7.754162e+03
7.360759e-02 7.753977e+03
7.361025e-02 7.753993e+03
7.361221e-02 7.754010e+03
7.360513e-02 7.754038e+03
7.360365e-02 7.754061e+03
7.360823e-02 7.754063e+03
7.360434e-02 7.754074e+03
7.360270e-02 7.754082e+03
7.360316e-02 7.754114e+03
7.360346e-02 7.754104e+03
7.360578e-02 7.753995e+03
7.360438e-02 7.754014e+03
7.360511e-02 7.754031e+03
7.360552e-02 7.754045e+03
7.360162e-02 7.754058e+03
7.360117e-02 7.754052e+03
7.360026e-02 7.754077e+03
7.360114e-02 7.754079e+03
7.360177e-02 7.754090e+03
7.360084e-02 7.754083e+03
7.360098e-02 7.753854e+03
7.360293e-02 7.753885e+03
7.360071e-02 7.753903e+03
7.360239e-02 7.753918e+03
7.360364e-02 7.753927e+03
7.360258e-02 7.753942e+03
7.360007e-02 7.753947e+03
7.360138e-02 7.753964e+03
7.360065e-02 7.753966e+03
7.359319e-02 7.753984e+03
7.360203e-02 7.753924e+03
7.360180e-02 7.753941e+03
7.360052e-02 7.753959e+03
7.360055e-02 7.753971e+03
7.360119e-02 7.753993e+03
7.360027e-02 7.753998e+03
7.359935e-02 7.754004e+03
7.359950e-02 7.754022e+03
7.359838e-02 7.754012e+03
7.359934e-02 7.754024e+03
7.358425e-02 7.753830e+03
7.359759e-02 7.753870e+03
7.359505e-02 7.753880e+03
7.359434e-02 7.753922e+03
7.359502e-02 7.753912e+03
7.359549e-02 7.753932e+03
7.359478e-02 7.753938e+03
7.359083e-02 7.753953e+03
7.359391e-02 7.753960e+03
7.359223e-02 7.753960e+03
7.359290e-02 7.753818e+03
7.359683e-02 7.753830e+03
7.359312e-02 7.753840e+03
7.359620e-02 7.753878e+03
7.358864e-02 7.753889e+03
7.359305e-02 7.753910e+03
7.358969e-02 7.753910e+03
7.359110e-02 7.753930e+03
7.358969e-02 7.753938e+03
7.358840e-02 7.753954e+03
7.358407e-02 7.753760e+03
7.359745e-02 7.753794e+03
7.358623e-02 7.753804e+03
7.358914e-02 7.753820e+03
7.358770e-02 7.753845e+03
7.358529e-02 7.753863e+03
7.358520e-02 7.753868e+03
7.358543e-02 7.753894e+03
7.358504e-02 7.753896e+03
7.358509e-02 7.753902e+03
7.362033e-02 7.753816e+03
7.358687e-02 7.753828e+03
7.358638e-02 7.753842e+03
7.358373e-02 7.753861e+03
7.358340e-02 7.753888e+03
7.358222e-02 7.753905e+03
7.358266e-02 7.753917e+03
7.358180e-02 7.753925e+03
7.358035e-02 7.753951e+03
7.358013e-02 7.753953e+03
7.357984e-02 7.753771e+03
7.358213e-02 7.753801e+03
7.358192e-02 7.753817e+03
7.357961e-02 7.753847e+03
7.357121e-02 7.753865e+03
7.357329e-02 7.753882e+03
7.357590e-02 7.753911e+03
7.357665e-02 7.753927e+03
7.357604e-02 7.753936e+03
7.357268e-02 7.753959e+03
7.357169e-02 7.753772e+03
7.357758e-02 7.753705e+03
7.357273e-02 7.753708e+03
7.357453e-02 7.753739e+03
7.357215e-02 7.753764e+03
7.357325e-02 7.753781e+03
7.357094e-02 7.753794e+03
7.357123e-02 7.753809e+03
7.357082e-02 7.753829e+03
7.357079e-02 7.753842e+03
7.357913e-02 7.753656e+03
7.357295e-02 7.753700e+03
7.357058e-02 7.753726e+03
7.357284e-02 7.753761e+03
7.357322e-02 7.753783e+03
7.356919e-02 7.753804e+03
7.356699e-02 7.753830e+03
7.356576e-02 7.753865e+03
7.356526e-02 7.753890e+03
7.356739e-02 7.753907e+03
7.357235e-02 7.753734e+03
7.356806e-02 7.753764e+03
7.356465e-02 7.753806e+03
7.356342e-02 7.753829e+03
7.356609e-02 7.753865e+03
7.356167e-02 7.753890e+03
7.356157e-02 7.753920e+03
7.356140e-02 7.753940e+03
7.355992e-02 7.753961e+03
7.355440e-02 7.753989e+03
7.356804e-02 7.753735e+03
7.357700e-02 7.753798e+03
7.356238e-02 7.753799e+03
7.356103e-02 7.753841e+03
7.356012e-02 7.753888e+03
7.355801e-02 7.753914e+03
7.355100e-02 7.753947e+03
7.355460e-02 7.753977e+03
7.355246e-02 7.754014e+03
7.355245e-02 7.754046e+03
7.355591e-02 7.753780e+03
7.355465e-02 7.753826e+03
7.354920e-02 7.753862e+03
7.355038e-02 7.753883e+03
7.354966e-02 7.753921e+03
7.354799e-02 7.753951e+03
7.354556e-02 7.753972e+03
7.354109e-02 7.754009e+03
7.354440e-02 7.754026e+03
7.354034e-02 7.754057e+03
7.354300e-02 7.754041e+03
7.355052e-02 7.753902e+03
7.354536e-02 7.753941e+03
7.354349e-02 7.753989e+03
7.354499e-02 7.754017e+03
7.354446e-02 7.754053e+03
7.354251e-02 7.754095e+03
7.353998e-02 7.754133e+03
7.353948e-02 7.754157e+03
7.353576e-02 7.754192e+03
