7.355824e-02 7.753924e+03
7.356142e-02 7.753898e+03
7.356004e-02 7.753883e+03
7.356462e-02 7.753845e+03
7.356756e-02 7.753819e+03
7.356808e-02 7.753785e+03
7.356358e-02 7.753762e+03
7.356349e-02 7.753740e+03
7.356470e-02 7.753704e+03
7.357157e-02 7.753659e+03
7.356458e-02 7.753840e+03
7.356865e-02 7.753827e+03
7.356957e-02 7.753805e+03
7.356642e-02 7.753776e+03
7.356954e-02 7.753758e+03
7.357152e-02 7.753743e+03
7.357384e-02 7.753712e+03
7.357402e-02 7.753676e+03
7.357244e-02 7.753656e+03
7.357031e-02 7.753628e+03
7.356991e-02 7.753810e+03
7.356972e-02 7.753791e+03
7.357651e-02 7.753789e+03
7.357637e-02 7.753747e+03
7.357622e-02 7.753766e+03
7.357608e-02 7.753747e+03
7.357791e-02 7.753727e+03
7.357839e-02 7.753702e+03
7.357668e-02 7.753684e+03
7.357681e-02 7.753670e+03
7.357553e-02 7.753789e+03
7.357870e-02 7.753760e+03
7.357540e-02 7.753738e+03
7.358141e-02 7.753723e+03
7.357771e-02 7.753694e+03
7.358104e-02 7.753669e+03
7.358034e-02 7.753663e+03
7.358460e-02 7.753623e+03
7.358272e-02 7.753581e+03
7.358277e-02 7.753565e+03
7.358430e-02 7.753548e+03
7.358276e-02 7.753624e+03
7.357813e-02 7.753616e+03
7.358311e-02 7.753611e+03
7.358557e-02 7.753578e+03
7.358797e-02 7.753559e+03
7.358223e-02 7.753536e+03
7.358604e-02 7.753515e+03
7.358552e-02 7.753488e+03
7.358549e-02 7.753484e+03
7.358231e-02 7.753634e+03
7.358302e-02 7.753636e+03
7.358615e-02 7.753632e+03
7.359100e-02 7.753621e+03
7.359205e-02 7.753603e+03
7.358554e-02 7.753589e+03
7.359079e-02 7.753576e+03
7.358993e-02 7.753520e+03
7.359081e-02 7.753494e+03
7.358886e-02 7.753467e+03
7.359030e-02 7.753626e+03
7.359102e-02 7.753628e+03
7.359213e-02 7.753619e+03
7.358626e-02 7.753615e+03
7.358175e-02 7.753593e+03
7.359312e-02 7.753606e+03
7.359277e-02 7.753583e+03
7.358984e-02 7.753587e+03
7.359246e-02 7.753579e+03
7.359509e-02 7.753557e+03
7.359342e-02 7.753733e+03
7.359261e-02 7.753724e+03
7.359084e-02 7.753723e+03
7.359518e-02 7.753717e+03
7.359340e-02 7.753713e+03
7.359356e-02 7.753693e+03
7.359561e-02 7.753705e+03
7.359625e-02 7.753665e+03
7.359624e-02 7.753653e+03
7.359652e-02 7.753616e+03
7.359652e-02 7.753598e+03
7.359569e-02 7.753609e+03
7.360186e-02 7.753660e+03
7.358787e-02 7.753637e+03
7.359704e-02 7.753643e+03
7.359827e-02 7.753646e+03
7.359625e-02 7.753659e+03
7.359635e-02 7.753657e+03
7.359768e-02 7.753655e+03
7.360051e-02 7.753650e+03
7.359938e-02 7.753653e+03
7.359760e-02 7.753682e+03
7.360142e-02 7.753677e+03
7.359702e-02 7.753666e+03
7.360142e-02 7.753665e+03
7.358715e-02 7.753660e+03
7.359743e-02 7.753641e+03
7.360247e-02 7.753629e+03
7.360171e-02 7.753607e+03
7.360116e-02 7.753596e+03
7.360515e-02 7.753761e+03
7.360159e-02 7.753754e+03
7.360226e-02 7.753765e+03
7.360462e-02 7.753763e+03
7.360166e-02 7.753755e+03
7.360443e-02 7.753756e+03
7.361985e-02 7.753741e+03
7.360529e-02 7.753748e+03
7.360393e-02 7.753735e+03
7.360375e-02 7.753720e+03
7.360144e-02 7.753713e+03
7.360458e-02 7.753719e+03
7.360344e-02 7.753713e+03
7.360357e-02 7.753725e+03
7.360354e-02 7.753713e+03
7.360411e-02 7.753703e+03
7.360438e-02 7.753693e+03
7.360644e-02 7.753695e+03
7.360566e-02 7.753666e+03
7.360585e-02 7.753665e+03
7.360624e-02 7.753838e+03
7.360408e-02 7.753822e+03
7.360479e-02 7.753825e+03
7.360250e-02 7.753824e+03
7.360441e-02 7.753818e+03
7.360550e-02 7.753822e+03
7.360476e-02 7.753818e+03
7.360549e-02 7.753813e+03
7.360671e-02 7.753800e+03
7.360636e-02 7.753791e+03
7.360382e-02 7.753891e+03
7.360451e-02 7.753883e+03
7.360204e-02 7.753889e+03
7.360715e-02 7.753877e+03
7.360520e-02 7.753881e+03
7.360843e-02 7.753878e+03
7.360765e-02 7.753869e+03
7.360666e-02 7.753854e+03
7.360774e-02 7.753853e+03
7.360797e-02 7.753834e+03
7.360835e-02 7.753837e+03
7.360512e-02 7.753861e+03
7.360787e-02 7.753864e+03
7.361078e-02 7.753841e+03
7.360477e-02 7.753841e+03
7.360744e-02 7.753839e+03
7.360935e-02 7.753829e+03
7.360884e-02 7.753814e+03
7.361028e-02 7.753814e+03
7.361134e-02 7.753791e+03
7.360990e-02 7.753876e+03
7.360825e-02 7.753881e+03
7.360940e-02 7.753874e+03
7.360959e-02 7.753873e+03
7.360632e-02 7.753861e+03
7.360790e-02 7.753859e+03
7.360793e-02 7.753857e+03
7.361114e-02 7.753840e+03
7.360999e-02 7.753840e+03
7.361237e-02 7.753823e+03
7.360867e-02 7.753919e+03
7.360873e-02 7.753913e+03
7.360662e-02 7.753915e+03
7.360871e-02 7.753916e+03
7.360808e-02 7.753916e+03
7.360733e-02 7.753914e+03
7.360787e-02 7.753914e+03
7.360985e-02 7.753900e+03
7.361091e-02 7.753899e+03
7.361142e-02 7.753894e+03
7.360996e-02 7.753903e+03
7.360709e-02 7.753906e+03
7.360684e-02 7.753913e+03
7.360848e-02 7.753925e+03
7.360958e-02 7.753927e+03
7.361063e-02 7.753928e+03
7.360934e-02 7.753932e+03
7.361095e-02 7.753926e+03
7.360989e-02 7.753933e+03
7.360745e-02 7.753919e+03
7.360824e-02 7.753900e+03
7.360928e-02 7.753903e+03
7.360799e-02 7.753916e+03
7.360795e-02 7.753925e+03
7.360889e-02 7.753916e+03
7.360887e-02 7.753923e+03
7.360868e-02 7.753915e+03
7.360239e-02 7.753918e+03
7.361356e-02 7.753921e+03
7.361390e-02 7.753915e+03
7.360812e-02 7.753963e+03
7.360833e-02 7.753926e+03
7.360791e-02 7.753945e+03
7.360878e-02 7.753947e+03
7.361028e-02 7.753962e+03
7.360756e-02 7.753971e+03
7.361012e-02 7.753963e+03
7.360605e-02 7.753973e+03
7.360659e-02 7.753975e+03
7.360834e-02 7.753978e+03
7.360938e-02 7.753895e+03
7.360852e-02 7.753918e+03
7.360791e-02 7.753920e+03
7.360580e-02 7.753943e+03
7.360915e-02 7.753946e+03
7.360690e-02 7.753955e+03
7.360782e-02 7.753959e+03
7.358470e-02 7.753927e+03
7.360511e-02 7.753964e+03
7.360790e-02 7.753966e+03
7.360692e-02 7.753857e+03
7.360504e-02 7.753878e+03
7.360520e-02 7.753893e+03
7.360667e-02 7.753915e+03
7.360460e-02 7.753938e+03
7.360696e-02 7.753943e+03
7.360308e-02 7.753955e+03
7.360243e-02 7.753966e+03
7.360395e-02 7.753975e+03
7.360466e-02 7.753982e+03
7.360527e-02 7.753914e+03
7.360596e-02 7.753921e+03
7.360285e-02 7.753932e+03
7.360431e-02 7.753940e+03
7.360453e-02 7.753945e+03
7.360697e-02 7.753946e+03
7.360147e-02 7.753937e+03
7.360486e-02 7.753946e+03
7.360176e-02 7.753947e+03
7.360532e-02 7.753942e+03
7.359607e-02 7.753928e+03
7.360086e-02 7.753937e+03
7.360441e-02 7.753941e+03
7.360325e-02 7.753945e+03
7.360434e-02 7.753951e+03
7.359916e-02 7.753949e+03
7.359781e-02 7.753963e+03
7.359917e-02 7.753964e+03
7.361116e-02 7.753966e+03
7.360571e-02 7.753970e+03
7.359863e-02 7.753992e+03
7.359961e-02 7.753928e+03
7.360020e-02 7.753946e+03
7.359934e-02 7.753963e+03
7.360074e-02 7.753987e+03
7.359689e-02 7.753997e+03
7.359793e-02 7.754019e+03
7.359582e-02 7.754026e+03
7.359721e-02 7.754048e+03
7.359990e-02 7.754056e+03
7.359701e-02 7.753872e+03
7.359843e-02 7.753877e+03
7.359725e-02 7.753902e+03
7.359730e-02 7.753906e+03
7.359602e-02 7.753934e+03
7.359793e-02 7.753942e+03
7.359686e-02 7.753943e+03
7.359303e-02 7.753960e+03
7.359439e-02 7.753969e+03
7.359457e-02 7.753973e+03
7.359681e-02 7.753738e+03
7.360063e-02 7.753760e+03
7.359718e-02 7.753774e+03
7.359626e-02 7.753795e+03
7.359706e-02 7.753810e+03
7.359868e-02 7.753825e+03
7.359441e-02 7.753839e+03
7.359567e-02 7.753855e+03
7.358972e-02 7.753868e+03
7.359246e-02 7.753870e+03
7.359577e-02 7.753789e+03
7.359453e-02 7.753795e+03
7.359088e-02 7.753819e+03
7.358983e-02 7.753832e+03
7.359290e-02 7.753849e+03
7.359066e-02 7.753861e+03
7.358937e-02 7.753866e+03
7.358501e-02 7.753854e+03
7.358742e-02 7.753884e+03
7.359064e-02 7.753884e+03
7.359736e-02 7.753658e+03
7.359338e-02 7.753673e+03
7.357273e-02 7.753705e+03
7.358869e-02 7.753735e+03
7.358904e-02 7.753748e+03
7.358717e-02 7.753773e+03
7.358752e-02 7.753796e+03
7.358613e-02 7.753806e+03
7.358483e-02 7.753829e+03
7.357624e-02 7.753800e+03
7.358367e-02 7.753756e+03
7.359279e-02 7.753664e+03
7.359132e-02 7.753693e+03
7.358641e-02 7.753724e+03
7.358466e-02 7.753737e+03
7.358290e-02 7.753773e+03
7.358241e-02 7.753787e+03
7.358361e-02 7.753812e+03
7.358365e-02 7.753825e+03
7.358368e-02 7.753823e+03
7.359079e-02 7.753647e+03
7.358684e-02 7.753670e+03
7.358307e-02 7.753690e+03
7.358280e-02 7.753705e+03
7.358279e-02 7.753743e+03
7.357951e-02 7.753753e+03
7.358103e-02 7.753766e+03
7.357381e-02 7.753782e+03
7.357570e-02 7.753795e+03
7.357522e-02 7.753800e+03
7.358545e-02 7.753668e+03
7.358221e-02 7.753683e+03
7.357936e-02 7.753684e+03
7.357813e-02 7.753719e+03
7.357764e-02 7.753728e+03
7.357675e-02 7.753747e+03
7.357711e-02 7.753757e+03
7.356998e-02 7.753755e+03
7.356785e-02 7.753762e+03
7.357850e-02 7.753773e+03
7.357998e-02 7.753604e+03
7.357848e-02 7.753617e+03
7.357790e-02 7.753639e+03
7.357582e-02 7.753654e+03
7.356793e-02 7.753683e+03
7.357022e-02 7.753688e+03
7.356856e-02 7.753716e+03
7.356203e-02 7.753681e+03
7.356984e-02 7.753728e+03
7.356805e-02 7.753732e+03
7.358302e-02 7.753570e+03
7.358255e-02 7.753601e+03
7.357152e-02 7.753631e+03
7.357166e-02 7.753646e+03
7.356603e-02 7.753674e+03
7.356498e-02 7.753700e+03
7.356670e-02 7.753717e+03
7.355893e-02 7.753742e+03
7.356511e-02 7.753748e+03
7.355385e-02 7.753737e+03
7.356652e-02 7.753723e+03
7.357485e-02 7.753664e+03
7.357156e-02 7.753674e+03
7.356641e-02 7.753699e+03
7.355861e-02 7.753704e+03
7.355820e-02 7.753720e+03
7.356662e-02 7.753727e+03
7.357176e-02 7.753768e+03
7.355765e-02 7.753779e+03
7.355174e-02 7.753747e+03
7.357205e-02 7.753511e+03
7.357424e-02 7.753523e+03
7.357076e-02 7.753557e+03
7.356603e-02 7.753589e+03
7.355486e-02 7.753604e+03
7.355829e-02 7.753643e+03
7.355809e-02 7.753670e+03
7.355719e-02 7.753695e+03
7.355448e-02 7.753722e+03
7.355103e-02 7.753719e+03
7.358195e-02 7.753653e+03
7.356504e-02 7.753670e+03
7.355436e-02 7.753682e+03
7.355813e-02 7.753712e+03
7.354868e-02 7.753725e+03
7.353998e-02 7.753747e+03
7.354557e-02 7.753773e+03
7.353505e-02 7.753787e+03
7.354135e-02 7.753817e+03
7.354082e-02 7.753790e+03
7.356273e-02 7.753648e+03
7.355808e-02 7.753678e+03
7.355210e-02 7.753707e+03
7.355283e-02 7.753736e+03
7.355137e-02 7.753775e+03
7.354237e-02 7.753814e+03
7.354192e-02 7.753840e+03
7.353634e-02 7.753883e+03
7.356519e-02 7.753886e+03
7.356535e-02 7.753925e+03
7.356092e-02 7.753648e+03
7.354722e-02 7.753672e+03
7.354709e-02 7.753720e+03
7.354074e-02 7.753749e+03
7.353904e-02 7.753798e+03
7.353998e-02 7.753831e+03
7.352883e-02 7.753861e+03
7.352899e-02 7.753904e+03
7.353358e-02 7.753941e+03
7.351839e-02 7.753967e+03
7.352993e-02 7.753955e+03
7.354379e-02 7.753770e+03
7.353888e-02 7.753805e+03
7.353843e-02 7.753885e+03
7.353307e-02 7.753912e+03
7.352680e-02 7.753940e+03
7.352345e-02 7.753985e+03
7.352242e-02 7.754016e+03
7.351558e-02 7.754058e+03
7.351409e-02 7.754098e+03
