-1.6667e-07 -2.0000e-04 4.7775e+01 8.1684e+00
-2.5000e-07 1.0000e-04 1.4436e+02 8.2815e+00
-3.3333e-07 4.6667e-04 2.4082e+02 8.3886e+00
-1.6667e-07 -2.0000e-04 3.3911e+02 8.4898e+00
-1.6667e-07 -2.0000e-04 4.3778e+02 8.5850e+00
-2.5000e-07 1.0000e-04 5.3670e+02 8.6743e+00
-8.3333e-08 -5.6667e-04 6.3899e+02 8.7576e+00
-1.6667e-07 -2.0000e-04 7.3978e+02 8.8350e+00
-8.3333e-08 -5.6667e-04 8.4199e+02 8.9064e+00
-8.3333e-08 -5.6667e-04 9.4499e+02 8.9719e+00
-1.6667e-07 -1.3333e-04 1.0481e+03 9.0314e+00
-1.9915e-20 -8.0000e-04 1.1531e+03 9.0850e+00
-8.3333e-08 -4.3333e-04 1.2569e+03 9.1326e+00
-8.3333e-08 -4.3333e-04 1.3626e+03 9.1743e+00
-1.8587e-19 -8.0000e-04 1.4678e+03 9.2100e+00
1.3277e-20 -6.6667e-04 1.5740e+03 9.2397e+00
8.3333e-08 -1.1000e-03 1.6808e+03 9.2635e+00
8.3333e-08 -1.1000e-03 1.7865e+03 9.2814e+00
-2.7881e-19 -6.6667e-04 1.8933e+03 9.2933e+00
1.6667e-07 -1.3333e-03 2.0000e+03 9.2993e+00
-5.3106e-19 -6.6667e-04 2.1070e+03 9.2993e+00
1.6667e-07 -1.3333e-03 2.2143e+03 9.2933e+00
8.3333e-08 -9.0000e-04 2.3198e+03 9.2814e+00
8.3333e-08 -9.0000e-04 2.4271e+03 9.2635e+00
8.3333e-08 -9.0000e-04 2.5334e+03 9.2397e+00
2.5000e-07 -1.5667e-03 2.6401e+03 9.2100e+00
8.3333e-08 -9.0000e-04 2.7461e+03 9.1743e+00
2.5000e-07 -1.5667e-03 2.8514e+03 9.1326e+00
2.5000e-07 -1.5667e-03 2.9564e+03 9.0850e+00
1.6667e-07 -1.1333e-03 3.0606e+03 9.0314e+00
2.5000e-07 -1.5667e-03 3.1654e+03 8.9719e+00
2.5000e-07 -1.4333e-03 3.2686e+03 8.9064e+00
2.5000e-07 -1.4333e-03 3.3713e+03 8.8350e+00
3.3333e-07 -1.8000e-03 3.4732e+03 8.7576e+00
2.5000e-07 -1.4333e-03 3.5750e+03 8.6743e+00
3.3333e-07 -1.8000e-03 3.6755e+03 8.5850e+00
4.1667e-07 -2.1000e-03 3.7749e+03 8.4898e+00
4.1667e-07 -2.1000e-03 3.8736e+03 8.3886e+00
4.1667e-07 -2.0333e-03 3.9713e+03 8.2815e+00
5.0000e-07 -2.3333e-03 4.0680e+03 8.1684e+00
