-3.03607e-07 3.80812e-04 4.90654e+01 8.16597e+00
-2.66508e-07 2.40372e-04 1.45482e+02 8.27476e+00
-2.68672e-07 2.42299e-04 2.41046e+02 8.45750e+00
-2.37972e-07 1.15624e-04 3.40015e+02 8.59409e+00
-1.96851e-07 -2.38912e-05 4.38465e+02 8.54181e+00
-1.83120e-07 -7.39581e-05 5.37759e+02 8.69234e+00
-1.52322e-07 -2.00339e-04 6.38868e+02 8.74660e+00
-1.35381e-07 -2.60996e-04 7.39907e+02 8.85580e+00
-1.13588e-07 -3.36875e-04 8.42124e+02 8.92706e+00
-9.47524e-08 -4.13724e-04 9.45228e+02 9.00327e+00
-7.82543e-08 -4.64894e-04 1.04965e+03 9.05775e+00
-5.82375e-08 -5.23926e-04 1.15331e+03 9.14535e+00
-4.91807e-08 -5.74643e-04 1.25735e+03 9.15827e+00
-2.33393e-08 -6.42215e-04 1.36331e+03 9.20374e+00
3.78331e-09 -7.46645e-04 1.46850e+03 9.25318e+00
1.46947e-08 -7.68137e-04 1.57469e+03 9.30704e+00
3.27753e-08 -8.35756e-04 1.68003e+03 9.26072e+00
3.15281e-08 -8.09371e-04 1.78659e+03 9.31468e+00
3.56375e-08 -8.12699e-04 1.89326e+03 9.35024e+00
7.32713e-08 -9.63554e-04 1.99922e+03 9.37266e+00
9.93504e-08 -1.05845e-03 2.10599e+03 9.36275e+00
1.07612e-07 -1.06683e-03 2.21255e+03 9.29076e+00
1.19605e-07 -1.11918e-03 2.31877e+03 9.29036e+00
1.37717e-07 -1.17183e-03 2.42643e+03 9.28656e+00
1.57124e-07 -1.22905e-03 2.53177e+03 9.26344e+00
1.75550e-07 -1.30163e-03 2.63958e+03 9.21304e+00
1.86735e-07 -1.32619e-03 2.74426e+03 9.27761e+00
1.98981e-07 -1.35262e-03 2.85015e+03 9.21272e+00
2.22475e-07 -1.44055e-03 2.95466e+03 9.12680e+00
2.34016e-07 -1.47261e-03 3.05902e+03 9.04276e+00
2.62944e-07 -1.57594e-03 3.16397e+03 8.96090e+00
2.74900e-07 -1.59340e-03 3.26771e+03 8.93563e+00
2.92482e-07 -1.65161e-03 3.37031e+03 8.88944e+00
3.04126e-07 -1.68109e-03 3.47087e+03 8.84384e+00
3.48067e-07 -1.84286e-03 3.57272e+03 8.78282e+00
3.55322e-07 -1.84283e-03 3.67366e+03 8.57956e+00
3.68176e-07 -1.89053e-03 3.77245e+03 8.50582e+00
3.93546e-07 -1.97296e-03 3.87099e+03 8.43477e+00
4.29983e-07 -2.10498e-03 3.96914e+03 8.36602e+00
4.09136e-07 -2.00256e-03 4.06676e+03 8.19199e+00
